801211254
127183496
388821091
409312461
229166670
244950911
294240125
74916935
455191093
900903993
993861345
602346055
162577680
349714707
572578367
96079293
21346488
969883401
554447665
611840583
519975028
715733536
876399875
904950294
112750310
812225188
174828228
404315526
751843049
821542002
928786170
623381506
64982817
30518755
890562322
29191300
170531354
624542638
599132681
38603342
241536890
641043212
324689926
988431412
655225701
141964812
116660365
663178067
997069590
46892475
353627957
243097986
60234829
155011482
410862913
725237650
579824065
405040048
38844851
592136308
330593401
650769201
292768837
379036298
930557393
83638814
142663292
898257596
482429360
801452277
99207370
984550959
380125936
68842161
722978137
772575908
280475402
563582539
725606496
370124668
745407836
769887891
707184190
795228158
969964884
430875304
574549586
830969021
166080872
812922770
590607124
266991116
746228285
812236169
536831823
499812861
850147992
897305313
548242968
542073594
952327548
697313614
417393563
46166161
697015707
542143438
2509507
327380592
714735069
960953742
491764035
926888647
318660995
300254030
131794572
135725402
989520675
138707726
12990959
168062118
329833918
439140623
418695076
579325129
302503699
59755348
233321727
820002860
949045261
903758685
773683209
658363490
962118676
812050466
334940160
603891828
866018059
203326528
198392463
612633519
550340599
13450534
808565072
580364975
848772826
9460750
972482141
986668892
783345945
291293635
336912552
658951797
706499884
181502314
278181584
185273087
611077577
655476065
630264038
262664746
620534860
776396969
571252324
446041846
725963485
472198697
339664003
112277506
628712529
47589175
275654465
310488881
479069101
710129842
549242929
150390215
704620031
570754758
419279787
193049245
178861975
787900004
334648002
779961398
702454286
845173772
361988515
634304988
551408097
981823824
969133384
890580212
659715921
684999900
827000807
676394881
139723772
350767365
904885584
370479852
151854994
362914637
658246354
592273601
201993987
617466261
193845889
560279252
210284904
906164270
984694014
606103172
981167331
598233289
818519720
623944109
172110631
672977193
164051603
421625498
706530006
714711732
239974009
522461487
951628985
785341822
423976467
653925242
788817996
807280899
539837059
287687526
711684566
912947856
104634382
133444197
112373843
594042964
932692571
870362907
570842391
810310609
80401626
978495435
265668773
474704536
726553729
947096334
423801778
627394259
741817044
918488987
32879425
149095781
767059735
16745082
703861041
242251458
132172000
925582409
27921168
202529013
321489065
362445289
826016283
490049198
155819463
233755200
54313011
548903837
649387193
972968414
979360669
240601167
44799520
729828530
978536408
842346479
924789423
527419442
959976077
507939201
332475179
970625403
954590971
796459527
452641528
56757092
341446876
738471039
735359494
504511412
241691034
759604523
764330268
186876975
403749107
498828575
416653245
25921660
863694600
905099264
273917316
612146856
589128853
800807397
154955260
879778653
556901257
605685260
25734614
244770973
687617224
919770944
242746775
254984498
3671168
219189853
206946713
382117855
215231442
429687877
258328448
578555911
539572029
943992039
796239787
507650663
766874472
10313474
663423657
233065569
830819806
440620393
854159372
675992270
969906
273564614
642245094
890127233
678247800
302479733
795310408
143067129
127297953
760770343
223183099
2223303
732665047
721029396
801942365
865043815
876630391
674528903
267630135
230870768
494594788
805792603
318923314
415173872
310069625
958547154
942408983
544778109
997175286
391881244
818384036
5800443
742272476
166312474
288015224
994426085
342081657
994340868
93462526
67752931
537968185
755979511
787825147
995973369
770862053
558119545
2148641
974952012
809543493
627126973
470104591
969813213
861566314
113971400
220323921
467296281
738774134
242662524
999989135
394873459
41689090
917625441
573227662
389475906
122747238
239950890
125773119
360144429
628616456
5639722
356962500
401764759
270463121
381344671
701334559
650877310
114092021
942079116
301391900
990152970
134947367
607959133
407969997
805654979
318181700
411968740
467180839
393215601
660910279
812875627
734483503
643387511
457371825
605113722
524208656
61830458
204132200
435002523
627015745
644943461
802228823
115253109
70231002
564891086
998185026
609634117
212211365
969871703
644614449
796100921
275413416
366044063
936693107
266001415
928157887
565045936
228159259
901507137
818426291
38498248
649753648
653563104
865449041
124715757
11477251
112551102
662220668
612885697
809721203
220239263
273518299
172248292
561002144
327633458
510963980
897137292
995906866
820778598
920143911
421513223
329504522
433726622
860845724
968107473
664347643
599346941
699463787
25754916
796153389
287670932
518775321
284944403
634792690
779255865
994745847
397919271
20376419
833066354
702514050
153506088
52297731
998583239
209802066
938005671
965893043
507806515
739456707
348060310
198903773
765826930
529728376
757671465
956682083
231598810
366403695
227337472
707959226
316283814
513056415
845774631
640076503
18010965
328634330
229276177
488275042
297948615
177070215
732818188
830873926
877876825
81455655
320204285
887593198
795139586
399307126
939232771
849679201
774190889
164307858
146574489
192378119
807185753
839993061
620962529
371671974
967116030
30938263
404867149
216338916
963222349
974579940
22537262
909647067
393294310
53123913
92951594
981335344
352554572
608410628
246094163
799784723
892126834
453952389
154489538
706708996
47780482
955328086
327541436
239473488
225496437
801981863
318990531
375181030
35324177
103054649
656074302
430422461
328437215
448128508
404928836
526953433
725076334
988187300
65168830
606686006
44922688
6422687
730779388
579529597
679492993
825719303
430903807
91595443
561805418
172901499
683702413
760920348
182985480
431033187
832314696
359481472
632332241
492420243
494933540
74034779
947750897
529877354
505652603
822590253
693296231
201979730
288916488
859134460
57823937
460402839
817007751
50726034
367811444
186933809
834121797
160179927
110221474
253717176
234964240
244734180
516266763
829880910
980532584
519647362
770639795
855620157
334972122
483471117
716523878
873356703
292436965
523865659
498073521
196142223
218787170
478782674
851798582
515859245
98750939
169878547
111214892
14116421
220476525
613983750
719188569
715888266
803777909
496740715
29167798
614839816
580445791
586706690
347704688
181331781
308590842
516531705
72364042
119325390
805152104
397069829
977231446
558088410
125792649
561410142
482027081
7878116
687920314
985032264
74138520
291681958
885484792
997852916
710365163
421782234
305811090
225867149
109347717
609640107
635624966
178256912
364503181
902617091
408774730
175009317
228039323
655811820
794350458
369975398
638343480
736043587
426185149
90124631
85714931
316181327
125831392
985636604
666604947
386687376
646157335
351291922
399293949
4586699
347965891
24392618
980222746
979375549
775276521
32496857
585156827
627302125
477939415
719317764
258215445
274389106
33465524
115744088
383885679
526102245
996236486
368309035
674037842
29327104
42834093
504465397
463858359
416611163
847756848
481199059
346759793
773696290
122946143
82259439
497026907
758824967
238768407
300078016
241783027
229060109
607063402
848109867
534280899
321095307
899236381
832872840
593569406
537043234
795650967
194226009
986611984
539528600
209547592
422641992
950607101
921908772
494331121
811545732
506462935
500003094
446859799
826399333
505050687
854912026
591233602
525175360
820554136
947252512
210546690
468040295
746120579
307266424
210625172
62487738
748939030
172449145
372666085
331721615
474997334
158580655
330846573
750536227
428618972
903746631
791080338
106842397
312066239
211584791
514519773
290252634
505670314
90711790
22610975
953438935
847184841
329486026
399254396
653047313
71942417
439658788
793104059
610308945
204686166
963768802
773837906
283110748
183447990
888555761
548102701
511568696
706214891
341258613
577893966
481271556
372308997
6738764
124679760
428171228
957465435
17853479
472391526
37470696
475204844
953103282
116321882
646033160
927635978
873893299
97078611
536409101
335041774
516429042
354595810
426397531
974213215
73082893
930982109
300041089
537865070
914353768
266803043
519017455
156724344
736292382
502927063
24181373
157639658
150148833
935178573
962733258
256129348
512817966
911988680
963925992
670670232
345633375
795901894
77421588
196876084
801782510
339585047
398589069
339748273
771222584
141644881
586916322
326016026
141072425
975260272
305510426
958146780
729900351
418711043
641066862
538171565
610176581
112195665
418464067
464574119
511593837
543460399
334754104
80487272
729909428
148212139
484516881
513470516
182279431
202968540
422229118
500047459
484071720
851475774
947165082
491201564
999042002
508414007
415226189
464270498
640656946
341020899
895164866
669335374
854512550
887193382
602988098
152032687
491062227
537149780
302860087
816349595
209714705
585318624
549287534
891982809
162450720
791075128
184348717
678882510
22207194
380884887
849017500
894563119
937804374
48102285
356696339
732107641
574805721
180701219
979165030
363697432
832801324
954153435
965520415
312891483
578754641
706339498
781515675
812344288
435874811
925519924
578499031
592448199
362281108
407434354
104335585
931635503
564778820
575637769
93318170
444015863
536009138
797818352
822529834
88719299
881186527
896352613
422610733
666908117
557345566
339906203
119001871
481476047
515111224
557107069
288495751
140896072
884837004
394407588
205048874
108979211
805120244
698794294
626957479
717418795
320330127
350664491
300827072
477072285
169135557
699090874
889809017
800889766
326145422
125972673
532591058
914516103
495672197
64697106
116778692
951482627
142629772
513358370
792348573
631869081
416835264
192189894
732511780
767368014
914756135
262828963
986673660
309338249
765373087
304989366
844273107
291324559
874598434
742988001
432895038
824056745
143086605
971895548
582635028
213768644
937547750
437348752
441321202
992791011
200368148
787208757
962507022
138112540
392159076
873077788
790449847
403314888
125473795
355100360
963078056
756423985
131745012
22085656
737280442
693833928
697985056
802409214
456284501
825714721
593297934
884832797
110410398
82706427
250479009
473876024
801329938
634507983
278615658
451103636
98588246
785104602
827448300
329320966
864576212
83258885
718083907
660168480
327133052
443496728
820441469
994867366
782200963
220606075
94793778
183988586
580884872
795366403
241243525
240705057
83135480
471963015
254746827
723703262
98816240
958889281
984967141
675160941
137129216
775319613
245245951
666538875
858826454
621054622
271073897
733529692
782073731
219523277
338231132
792377337
410776138
933798741
744079343
41257440
427159274
429765232
655443648
445265812
689467295
890805578
969000937
42507140
794923007
766821064
439491897
952774688
819161484
294196385
627776142
716082577
948695647
211071418
673489918
969623889
780121100
108349201
907695044
495408637
845050944
532288980
728089071
917412311
330683609
75055101
996272626
708691298
970255436
369316414
388199296
229962435
437049748
414767871
558744135
444213570
247802307
423265811
674205643
753899171
748726339
230561140
260625923
223101963
602198835
123165274
311293981
688722918
428637096
334434583
868565241
417571866
624756697
909931949
890677544
750427875
129438830
929057906
118943234
64150357
437724558
380570609
955833375
626907555
617201614
813319453
381948151
590712626
183722857
361698640
260545047
334640249
41243883
81313523
591915498
274123464
669089787
815417325
18705092
536260089
167689957
990522121
175307217
254921933
223092522
96755426
602678216
667522560
743264198
741090373
892177162
785661905
52669095
522639586
452381172
332771178
225643105
448765982
196696372
945359991
844606007
131803748
571445494
387654354
850190122
164955555
948480168
622578140
553111105
404121391
13616308
187396068
319641058
977335549
396532734
770955399
858770592
28978912
668847339
409585655
756264338
80988649
469107815
558887206
357346501
587345542
128936650
611498401
600477732
84729397
298292689
573897266
569103851
880656341
228824322
322294078
455581283
24399215
313517849
106174928
700658982
411360421
573143200
42896397
327486107
532444778
651681638
698678792
198771177
269987863
18032159
550053411
142398093
240437731
420733142
665568456
663270431
780238884
833027034
600143668
971699189
347718315
805241752
247850280
175067151
136946733
193756245
756699168
168910675
26511695
907487503
883116339
511669308
584958704
881509174
146521710
897743625
202883618
228212677
624080430
983454683
394391561
844287
666951628
810639674
462791366
646446318
230441547
696570819
69874555
190145278
701808864
688279909
736297255
813998270
934592539
982476732
224090432
588346917
745506016
932308242
15641775
349028337
678603289
931811109
9657148
273787475
6016392
634689715
105223899
976435226
209789493
651535802
896418051
617994000
533499285
407820588
859583314
800217590
547182348
379788823
808733788
435666812
930255573
299661159
592312152
337217806
358422032
891045334
978312143
212902948
943815603
935297928
462395290
223430795
814241050
106857453
183920013
995455898
47838038
569855363
741985304
357123151
4203498
777950675
454898249
233248279
55097663
923332164
152450087
711357020
737866725
931937210
582988765
951614903
408471145
381560724
115036076
30343325
877724679
295008914
477435296
129677276
636385710
901790441
318421426
816690776
401186325
452736159
89651206
978424594
420177834
662979550
928569237
882462519
715844856
832920943
87098360
391649494
256635400
982372522
163637131
734704341
126468543
850617335
466757577
739899021
298013013
179553192
240220474
570640697
415472576
679769561
697809413
996721336
48105768
177780234
665026022
83192471
879385895
249857381
356862798
174199829
958947802
99708832
616510829
495378753
380990284
808738140
49915963
398254680
328008672
793896577
200077948
999815813
198420043
635168378
456217360
227234575
272369491
606012472
383247263
149464646
763571892
958791689
658131675
942557026
688683531
485164995
676621702
430613049
513166047
468835937
551906056
487148574
654664642
428745772
987793919
850634392
359352006
890944400
239814828
71610350
411246410
295314280
4190083
231069403
150456540
144306183
299917460
930068904
301279401
976273813
25351855
466849001
745331300
345995781
537421022
158149479
592635695
952782533
508962125
356355706
298599259
119013730
891785175
103418996
880232149
128058533
937259172
715189138
896377162
75120180
183987781
753625122
998232397
294980076
412633455
356570377
789945705
624006812
685159352
177920092
361484449
738517266
813726195
277643204
851349881
358185760
153489679
573568881
866759796
111454892
510702144
367984269
457147281
437052304
290035764
494448840
728384206
28314098
949361709
968969235
677665099
492905088
431942101
171602152
11992183
711109386
875181341
947314878
620135554
74134255
483015175
295266795
719640339
401157782
142659881
527682089
297234900
628770735
776284474
271933175
922991620
782563832
804951233
571617176
212019109
981704453
747334565
246595056
319113200
13721441
107044216
778394469
543358168
968018670
351683704
736764080
235418108
927289655
763933825
961654928
459432379
278513494
248926136
202329217
637892616
685758964
942611293
46121103
695371752
949796243
41249420
544261197
965160471
530582024
889296322
103492811
910248262
506249259
954286820
520574229
199311693
545777759
464317541
246046407
600239543
210198024
50499237
390837931
710815060
181258710
663700197
521738875
269982911
489370563
404919851
437425143
617864251
118467841
592190745
21466463
608807830
676597539
263742492
786599348
353261415
103278397
815436322
507062600
182198836
325415720
359236264
404248040
311954808
750936691
608321607
30044962
846326295
693291238
36983121
339536908
327902172
924265618
218277120
528587504
311048616
635140340
922220406
598288348
630828557
370016355
704899001
860731805
140712300
150416194
705878825
313968134
516182838
253457138
320305599
346557628
393537738
468027168
187135899
595901401
120696664
775072301
747033333
530936798
257537312
868662393
704360597
707037538
410940605
904600744
172005429
433825688
546325728
234071165
485355512
545569799
638930817
329141759
661258483
514705690
415812589
194127737
661982798
485504888
759341373
41703441
285648571
123229263
913997192
742645848
774941144
344284300
785373712
360241797
757950800
318430010
863677305
66032602
871270671
32880999
988313754
609178414
669473817
108131345
548332490
879664634
345265682
721214786
100505545
591722052
664048853
335973673
115192237
623496998
335222624
367689853
788973908
25561500
921890639
422080545
9315658
445587839
856250311
23400016
194735320
403523166
202521468
568077458
674416966
625156849
451377142
966344
640631112
816115617
621174740
117306069
246618764
591128656
459055797
407336741
437881239
82080330
467508524
216886607
742480261
76305667
681629839
603390919
173936379
534948468
591932637
268502822
56191226
206704247
267667508
620591883
499746412
567187059
160324960
633594627
392748203
945715948
473536687
561494208
635219503
322928201
155202355
533510846
586435047
783788749
957747966
746179966
722519288
283415952
542743269
444719920
877788109
222687845
263759515
886673310
149791348
738482970
365680765
162137012
813999691
148604587
464685600
91849180
745351394
699206065
870383609
457124036
245422263
400799709
970035541
686276222
158659142
77554399
376676541
225510306
454754139
268215615
871264255
510114084
131826082
895603872
176166076
385594564
651956774
493867587
561424300
394202052
988283507
401601888
610125850
773998606
387588204
124185661
685001378
555127136
863801077
520826413
475719033
848111402
175466108
490457088
396154429
466316533
581005486
174427765
422045309
195283172
286035149
579838447
639166768
80913757
56543737
695462536
93864329
24820275
322174226
24702182
969812105
50215948
754532138
717090570
482553674
776449068
367394892
977953330
699049276
28640416
881512159
669767184
216039341
527094382
2885514
362098548
822473335
665501883
845061864
450763628
331791349
625204722
844944680
909738066
25739551
907524789
62150998
811629870
237337697
913257888
743984452
497487884
189166525
650757985
627845866
189258507
497780723
975234234
643375338
451914160
252024592
622856774
650500512
759876698
591796718
38286009
342600967
147531027
960878047
148657450
119633799
32843153
866578716
468408792
192187734
669347109
883127008
738935575
139909141
121424469
739364175
822834330
884113064
819957771
249569815
889064141
250320354
338543281
394198098
712706856
935324490
990059858
717831713
928310931
172962125
449841039
84392433
315437883
235772442
120479048
622619745
966718475
393214339
275602444
221360563
378692980
689473926
725901414
965587943
816921088
902462193
894237945
871867030
159148753
90174605
191814614
269372667
113924870
987717752
112936625
686254765
760719441
938855337
100185495
828882201
80887577
950571046
763581469
525420394
316661865
735482697
170980751
160726982
359711405
563022953
290812254
312491342
690316581
269801528
807172204
393778005
73883446
113057933
997406640
20051781
776874623
292477211
786711784
277081585
21449975
569036132
286361976
491877555
451001499
905580920
751296226
122923067
351217265
947081403
233083886
859315102
872841550
19497760
92899199
131479834
722145901
136171992
862802353
855457833
993670667
25421562
349108354
216744518
208190969
85013337
501750378
580068375
214856889
123731651
650319350
936643073
50562415
533689881
920568246
824953029
219334630
197520952
303503951
735930324
428478056
84153513
158359036
582543435
350598225
475257043
592403961
889279730
691739279
828385095
288892112
427529590
953841346
632566507
14743603
78983680
453437079
4834998
419462400
317951406
605971085
600165535
938807232
297439707
419699855
525572928
106627476
777649672
542835870
772261166
777894006
847112759
688421948
960590740
380881675
984162905
87228378
760638657
102522093
314765488
860461664
511598753
115365340
457281939
35218714
356955445
42600715
609689253
696893799
88400077
948633886
469629622
183101209
970119174
732205949
500346143
529461832
486120250
77241407
311042403
651538780
135222970
851275836
566517069
202031103
661861466
106026082
849835137
541574424
928989175
121183026
731655287
409357832
493234325
231164533
396509962
700515787
359868455
650169723
533710459
983695472
103137231
432237861
300048078
886024888
689301587
856146520
64947793
135713160
762449875
11086109
342299066
534859383
460996293
274330566
296812127
173355750
418271367
77515578
789634048
294965849
399244253
616428467
936383182
643620235
304638040
233057156
914554667
411093202
411231131
278944035
303289431
151533035
755344328
747564230
553116956
192997137
642245942
920955541
118819915
214707853
504695938
595451107
424371219
658841057
5909308
976940984
851151835
434318220
737780574
608215369
12233063
855575056
990939106
384663820
162527913
143776057
982161985
242379607
942802138
947979116
703686806
16212032
163993994
97418356
155885029
233524982
875753963
914106661
454050763
67049006
665764152
943552516
609598568
942477879
429928066
959830942
880653490
349702561
895293848
954268341
705356470
314973641
268903883
462298186
313931961
196433546
743801223
279064629
521304501
797403288
551291530
670983523
738111951
818583421
511974539
901119082
829999856
342521313
377508271
442641740
263633123
994043147
557069059
784531479
50919406
595078733
414906520
354362809
47032965
630209599
79353105
136556270
780930430
365596907
443237231
313106886
657669400
415493522
374536572
208677709
949362999
451337518
855694445
430564423
284298646
657268843
308691560
861124010
280008755
635014266
192672614
79283418
224631671
666372492
1839474
722545036
396524725
927130653
840828855
124460277
499349001
711257935
964171136
386858812
279761957
826322096
561989665
677093707
170253563
778233912
223184024
880316834
60610364
109449803
221214919
482494545
404018435
910361945
188158928
143947158
415733067
264237258
462432424
61745452
606979065
495478488
581129032
936996851
678236220
572100390
208383444
233035376
367809457
159918195
71272379
994754782
11451732
128528839
906163606
771657019
206191246
691825208
197759115
89545331
995540340
439625575
729269750
932521975
82421490
534946834
903503786
813218935
428004885
455833117
278080998
368405913
365348445
264358152
541014263
615770326
173584987
700221253
823486985
362138201
319159490
592910165
435698154
655960166
442197547
429323622
533596233
650397304
269833388
262351463
10594419
929856881
997458698
545089626
938928610
17138418
86650587
965086700
905669146
536451262
544221513
837825470
814053636
229924738
895076289
918461981
154060799
877625825
498766651
622778241
448499350
422963558
833925841
935213061
389133452
664967792
341061470
587906096
309249391
993430742
263083067
611801117
448752290
943165524
778149167
500956584
843688098
708608715
108178124
74343237
840878035
291154118
472441900
794452642
766257352
186756727
866388003
687821439
871015718
69691219
993786254
426921224
234019163
311761593
671067254
735681840
178060042
724033514
348733534
51711660
182214425
785430777
179784113
990455119
269347203
519276366
512120651
205632674
56407259
882231596
192971026
850165211
206362704
251787539
520236478
18064372
801850605
294885945
943709576
964389185
49575698
856396181
981397301
7704010
643206757
135429841
149394209
125366738
928243529
185951237
815888327
434205003
367854534
256145850
172946680
405768374
337397659
373873133
254835363
601687563
932503085
38745126
339517910
654461303
743939171
663193113
40912959
593751868
238485591
248821325
647818137
553526853
758045963
740571076
817114340
745584260
837519043
50816870
485698185
956841100
61044293
676207902
925296163
692925640
483275365
187305459
464457829
756083974
244334932
664091612
866838095
529472662
748771346
823211854
372092736
348470815
318097187
462663259
682713948
269624050
937069326
817417225
637329331
430925550
467634321
985120653
522338962
548891499
484065812
462199043
224340132
679890053
320667888
396622104
979189336
85443849
604212304
113049980
677435522
813786539
356857528
307342575
465318477
630727464
669257775
300009152
764384520
782525843
19635767
668892245
152798865
44973085
904013429
747731097
885789107
943542007
696385932
925149438
606690238
541348111
75683656
980295889
348480066
753395463
792753030
27417993
703841735
404042762
884074704
565430881
679575639
939992926
867930254
727107807
328306985
683926704
897744995
252390841
191025001
498357683
474048094
922822357
561604791
979761218
322948325
64776071
818192732
889954799
845128570
514307980
882845828
747543236
690746974
727146751
861510975
501427544
818423143
110468757
985784761
898238790
231824327
797310365
855010
970622098
345067888
1940550
991708293
721952421
166864806
69207619
905612434
366224688
485003473
564669741
927092314
919922712
821260997
838693955
888599033
968246845
153381585
971245290
107322252
260337671
482098105
183332354
437850925
559882449
617077794
727371464
124174629
618215917
426291336
484802344
542762928
400547584
284570270
826945589
633433769
479701010
733659635
627566512
688688640
90319466
378589293
943853646
409091463
759669809
623138520
768807915
363102480
389861705
144878717
360779389
967929568
348245142
233325259
127921435
191903111
527140383
761899557
266889398
70521770
815379315
73374436
787760019
151315639
906424495
516571975
849863633
949605035
424177147
602355556
273915164
720567961
954885494
95023742
913138320
762143334
991687406
291935116
283843742
539044884
187368721
734815871
309558312
923202545
228905063
477537169
966770406
628400314
881229481
557140630
19710628
328895177
934117159
655482216
187653327
769838940
635145666
754875881
91048770
694907878
670823424
692863596
575381977
509947072
512177066
809911973
832673433
282975597
218478220
743494508
8132589
437328240
910854672
976498605
716790131
425107640
954348422
2971080
810148749
383478985
817934746
711075680
411795668
61391286
963222770
9123963
671457199
706092275
540769285
613288061
636280392
778798844
839078681
274861547
11019030
54564121
516855231
685722524
162653455
203858031
982074954
44240254
613186882
811420851
194012206
207922440
628617881
394948881
986306695
607748845
556256234
196734765
70537794
670047705
861259050
957407076
708537617
342512392
256034383
581803786
589362759
779174763
41036017
725989823
515212596
341154352
445619673
551253080
605929039
891118593
474566678
368249285
245658349
172636530
309352967
973013706
897197780
164231386
824689763
867564694
178421217
832523475
376726721
624910099
184862451
842665611
17149634
389601459
312938269
529124220
781490469
584136842
165015480
567604964
810144701
739797591
505673089
37769351
506988332
930268758
708178838
259306828
421164841
802048680
293269265
365899981
983579348
490629136
544946951
678939235
39019329
295767880
328618611
469596592
688275433
602757208
408740085
528655399
491493715
513363862
75025930
560562332
847374030
43677768
40907749
432739568
933124794
696940774
532008614
639093073
827706506
883129533
148159672
629217108
729352029
478089976
620974067
495498213
157494638
92295820
478228333
21599229
91503374
974951914
169064052
228816954
806452278
604723071
535159312
688729659
667310650
256290599
979363257
999252737
155189942
203719635
320517503
676371800
367143208
926774145
404735569
780936036
904674855
255463844
88967312
339376026
105999414
928321021
500527080
626853366
774551997
392891593
148128303
771590349
700642042
459119900
884447839
272355358
117043492
614675480
69591223
808134051
760491695
913769808
900375965
620922287
37325732
340570905
551286469
523626964
915963702
976142858
188209084
443929246
167224558
823918187
220319891
116527856
78042385
292864354
387091015
860180716
145644893
900927932
273639668
900210586
417853568
401862671
796026303
89359351
229683959
328362454
698745922
286594343
464304439
237074752
423519470
243803163
61180448
674959787
20610048
17286010
124376915
973854951
161986639
898066392
216648441
677599414
331811507
31472825
411514948
449292954
855570844
475384658
364487094
921292377
194196234
355591702
97326154
705085950
593523886
164988257
927838529
777710291
756940330
366922205
5642325
175978988
493497188
320044675
123175517
343388631
18760243
158182547
601198786
91805898
558979051
834519926
887704043
892872586
986181731
432560239
280733728
707094484
764699127
107843912
580523699
998800477
271694696
187478288
294814074
735924561
762577252
660347971
609048230
601647953
221330258
811336658
743058005
180999959
477963783
669915390
12776600
915529602
658597188
948902870
604513269
286363609
682069769
65532883
372793723
129776534
775648922
238589237
35020612
736065990
994388708
730144419
993284907
10667357
130539484
921258797
811349519
723169295
221586678
564685237
557543072
476891596
515471988
339071067
525457110
326071499
116308990
889292196
776203260
358594826
802822223
417264621
730223923
733945367
815826345
83220279
6062797
119148509
724106061
779661765
936475065
788917499
476690619
905292159
682141753
867601272
768893678
800293192
663393325
707223763
317790972
935734898
103137711
703668206
439473095
91254939
796398484
304475804
464762264
848494352
908354677
550033631
857902234
400282594
323823267
137906404
31986633
900186223
527250652
163226663
917327605
315078761
325378081
513787763
319054958
717409215
819033892
639758998
416401044
899838674
595693447
229982862
869623179
959428834
616291426
468022829
924215970
514679248
256170396
300706732
997685429
463082709
995272276
282404911
614445230
180162030
871812810
669522858
333242061
85361756
648870827
850025371
336048402
651389259
416546734
482446440
8253585
171936089
693674674
841194019
456966656
317065997
277465123
974929214
351090913
303176764
674249000
389283783
114157827
651275805
439786592
875160121
60382058
815864464
187973726
516634291
822346726
571395082
476147349
868593055
202697198
353386505
660456034
141938657
892718913
147866782
892742155
114889623
947466822
844853233
148882215
912570170
745300320
250362009
987822574
682314616
889956495
415121319
128366824
795898031
509068100
734302499
921208888
823191086
50853055
420182735
963301447
552733030
145917184
517642351
372450392
866287944
850025379
561899
961439737
972488054
864136485
305032574
240819748
842698694
713908891
771382176
543100776
463999986
53963274
16986821
120584781
829566899
353403658
208087869
638787830
332963286
482740798
438561959
758139738
559003476
823785051
106977122
174063714
64052599
20107530
793769723
272935339
308322121
332010454
936387338
293255700
384390011
39574036
332951967
7572875
250150086
86307486
523769029
433781829
813880009
142486853
81798019
314180447
726434982
768413049
988582231
139407608
913310867
840828649
10882601
543829496
971887763
551894152
553400328
908860357
901025721
543779011
376435380
664742539
760002428
77804838
810539785
198500132
841890194
223832356
494833456
25592594
258936690
252117456
914183417
419323615
294844506
734521376
778812973
50473181
423191899
65335173
445041481
717473812
250784660
896787869
490744097
810328444
793736391
635230139
101678967
56483314
939356203
317459800
180237646
825271311
988279409
306066569
380686672
363876660
552355993
500977160
171536610
387995962
475973641
35568150
378183268
769339628
274678059
71377864
831542778
277742382
179493789
335502660
762573504
599812159
69359232
620868017
631788739
417830028
670960510
303622136
641403909
310228657
226283723
871708541
165848788
756000860
653512891
998665933
350952095
98759131
795042486
813079427
669358858
409767378
172440955
197873708
313022474
324488372
666095414
365957059
102342646
885109561
999036090
460055045
733882215
521364760
636558136
338538189
281038730
733126718
769745543
524127709
447168474
447855538
59071474
134287367
289967553
774374936
807140837
746605837
538070908
14294757
28730538
429778322
271812384
627654106
665301704
30474160
634031139
327464929
235093541
635072195
222064459
931773690
823029417
441939025
154615751
324031945
801972546
55176307
839917386
192939115
79104004
585913972
865542406
860479363
699233213
676971612
940520979
725026375
30957785
821299453
409946026
493640510
322279996
812501499
115330133
198368543
862984449
882721366
703513145
24910389
489911610
57318371
969400590
926822362
139088715
936349631
559079306
305024953
462894556
985839726
165799301
736092318
470846163
698610193
681133261
71687392
741255400
640602295
635547010
189752121
316653787
71923805
73579544
828704903
54937582
715051384
665461293
65591414
495265940
333573419
39357238
84734869
211037073
407289577
847657010
975574527
376200562
789282958
678290669
204309357
569074335
519517557
567858116
84558116
343341085
571024475
881298254
591359833
501386019
885669107
332831806
843652698
491989994
639212462
574112888
691249659
144475302
614154687
208095420
802883719
273080169
439393342
949696645
324105285
553173265
421345930
37875386
456891473
233959947
426477220
316350215
21510825
780247581
554558463
945561113
159782572
722190753
557314208
85668695
940527054
211378922
253840418
523639659
297109309
509883495
263441561
565644416
982018262
232971172
500156896
158881428
738412856
845552779
318865334
23140460
412616943
535660070
991226295
966315519
536573192
513924314
248589159
940293773
354336762
20337084
36797964
635888526
565156016
488504816
65701306
810184528
471389707
42774011
497094345
657854748
762599701
103162686
575814976
516515931
381149408
72991098
493006119
633678499
19617596
608139694
178039312
793475494
972955738
579901160
364499755
122923690
357262905
184611992
882695097
124735408
759123946
715117183
273216047
723289796
82692489
708689957
426207431
291175697
728181923
250166155
857807553
99453812
566945307
108917653
86997904
935152896
491792569
906875275
172661194
486377387
582599230
612249781
469809539
767993751
231243971
772624582
135716970
366413280
439723983
894153576
903834852
532057136
467175255
682786654
362447069
730961686
781280442
191582415
379778885
440722318
814409819
796612304
392178549
510776989
992982337
874930370
134373387
535316477
45728
849211002
545361584
113193265
685926237
841218756
657247653
246313452
707181132
503527376
49773933
890338809
339712524
563685920
82618275
645050522
695957875
492504601
923160800
710682503
880684597
757804869
151241283
885582857
867165687
26518742
531491863
88356946
257679357
868505319
250845168
726246516
150313049
87334104
989755222
912953974
651601027
328106520
550096944
974026352
589074106
1308668
163450073
525589091
129982805
586740451
440176880
721374983
67996821
829289321
615751636
653465437
734926006
218347606
115401978
484182707
71596594
643965813
538438140
422559129
150096300
818824848
79658005
184749801
815089478
964947693
910469519
850809830
669216803
898888045
813834024
828896702
619607176
641949188
89021741
878898248
451297654
220903360
918292116
929403413
542685785
246397226
193278956
671473417
781713780
1555838
251807408
923035569
751149686
126443233
657220054
636781659
339875375
950254657
171715082
368719999
54012523
866388922
892663088
889867380
895306294
408406283
825435726
723751964
276680031
700359616
931722695
705064119
34453307
830832660
827245744
622901022
221952025
813877956
288891181
601265909
735690548
369521599
17401722
797896542
560507779
328863852
324763042
943781997
195364810
529040975
123610249
986867082
545655641
897457055
849990975
637297396
687707038
480767326
946039439
684258460
505465780
214961242
547892186
466620822
570457523
144908289
769507474
775056464
369486370
398843377
279188832
128645308
621067950
684709332
441208648
507896790
955235886
647225733
653778040
3616806
532420094
975596076
148955903
385010143
542022393
371066375
426030291
93587679
770595146
725453995
861675597
627982139
902913170
952473369
993866017
919637781
833749637
591620985
480634608
10188729
841360136
943368882
537996616
470020026
41758027
25079950
791571573
556061403
111975222
782667621
633755598
134278140
411468940
580966716
461177811
111149440
481782349
792206560
955739422
436109626
143242898
836544519
134716491
197066296
201302664
483886570
667398505
197128480
995680873
857240126
317340229
86907291
453328782
503056308
399724543
338136568
825575266
274472462
115801486
66630421
642577616
529381763
668241546
30961545
494506465
710887061
786512547
678266291
106043732
642126938
963024301
453234402
244270080
613963542
622753916
88593817
802221343
68845489
266550895
274349374
41205869
721953299
977893907
122924861
919735206
467134678
409863935
914203501
613063889
756979887
919166814
896359877
88150148
616741073
861118311
975873474
607677180
769875682
996630458
73040656
951623308
393782151
376496932
905690820
187296199
680981610
515171348
350768781
415509039
164544780
88106546
888422750
754247374
831031446
950813782
779373351
188006811
421899925
871723969
40378299
704102049
983444415
716743676
500435850
606217776
706236937
254399291
559624393
252026324
146148316
315760363
251189503
579035867
773511157
850009285
961461835
849484312
731417635
665155499
576321371
666534681
156708851
966346053
35353953
815276793
77736385
114549560
761564407
730403552
284280259
780069687
732305941
157594266
297407160
847578977
852390276
605104186
407947533
190786324
337705987
36882064
479519585
801918010
50533254
929597807
875981031
324595879
379186568
269271275
861363968
392431536
387135145
143931764
721005421
624934498
910262473
625232038
891878683
502335072
607133045
758665956
597844863
391801939
480863509
195648705
72378988
129472621
518606766
143865262
30893574
777143825
38852020
155222625
954579649
865036573
318541821
310597990
710023341
198966784
301326933
493915936
23552697
82540049
338460508
629690069
845602102
943015232
640229433
721344669
304732046
388292545
441876192
94012885
266311267
316049515
515344411
300096656
625361255
884742136
9550222
997859458
647704484
852060192
652456234
290736143
318942497
99314490
56940190
334253920
142202047
5025679
44902265
718723706
160139526
40920675
977636604
394044037
440309228
707479454
513349223
320719787
87730266
771769935
68020512
322491603
121469213
670610827
545149706
68850168
171218514
211149972
336145568
447053792
86123473
217380419
77362870
330716076
8190912
842081706
355635610
110513059
800956185
163178361
776209738
33019422
81801821
573808566
20443672
761773765
488315896
242784314
280122831
704038318
273001579
333209841
156879829
226454301
286338966
918090573
64992956
184153339
855462453
308973009
800189332
67372249
681945064
240104232
85678858
402964327
969322376
354595635
330989906
108362662
389143131
849736021
405723429
848696451
829322403
203686004
895900651
454508401
371489432
688541558
195648904
320323952
993480927
699477383
664416377
574615054
719807093
387784425
366411423
623532985
525754904
176868787
511624032
621074850
991287270
696713857
510840453
44416609
745769989
189050588
664085409
628661117
261343597
371589666
846145383
598055914
495258359
437545727
353870498
286858067
500383542
553219541
719172778
709813015
255374309
31846575
100665756
67723507
431240895
684750494
430935006
21122637
459528749
54147215
632895989
704883562
426200514
270304745
690907336
710148915
278999151
607097679
845335705
607043384
823006031
619448949
221064081
456775276
286269354
803374976
590222813
14301980
317252067
701484085
950409322
820940475
298998377
365468934
315522200
495197365
936186427
132188677
266026273
178741308
621611525
424558144
615088225
19682728
395640282
18820375
470916280
645364881
830772628
509042353
437962500
9672677
951703005
651858332
417089819
439169939
70463648
350461654
393415956
400278857
164432672
579740517
383072013
301447048
975941979
795456570
358387662
609353766
538885896
395888511
29680060
572194448
995380706
199506214
456062466
962346531
481468806
794839232
982089648
441690650
696259391
509608343
850944611
569949385
726461810
429060029
477333456
780417324
18322067
251053427
559906300
31952663
550869812
920007235
451575952
92926960
912126509
942776273
246886051
578700232
223322184
132255901
214288986
761988359
532439487
914891104
425702221
768153664
528961221
533019903
588083119
880839874
954532885
55614183
503451231
858732771
189700732
196290754
862734590
416207411
555299944
890613872
932876842
35191877
955600909
942212599
1597178
752513248
94731670
461250213
417656130
710450493
807817571
679625913
581772659
790233709
477203056
369237372
125293525
961047065
316871873
385951343
362855472
970526727
489530300
605177987
625521557
219323289
594043749
888237793
85157049
754669994
782684545
730859329
185901511
37485264
828567416
858051085
931142060
116865494
80919643
869747050
864844028
786025251
207437438
404652063
286526154
260737400
599854341
478228803
873842622
143755355
225016987
957882485
681548809
796704464
525561041
361989586
246381400
796459034
870938193
526188901
228687960
72519258
296091922
245326112
690437236
612345226
908388775
884372944
855033477
533705667
144735883
879178641
810846229
113460581
223217246
293004562
786021927
926236557
369268045
761163685
377743946
61255217
155250172
852802810
336611953
497026307
22279497
703290959
15692365
324842089
928701628
447691221
947802121
82160334
54549093
828873482
560919755
142387166
185264387
298846107
191144828
708723080
84329824
545777544
677008313
321380350
646460992
79429826
133922820
564890866
263126721
42796774
238705316
944624627
780617565
928897350
824562799
995963608
716461352
802968762
694596600
25233956
348955133
290543535
177162471
269450902
410622629
559902205
286718740
61731149
967359219
328361172
497323285
653927820
360214145
833947108
538990336
439541602
623653090
338141434
287179605
148605304
84548382
370666267
699567999
340295919
21923655
139524126
286598804
385085901
40460606
514510010
216807931
627940253
756849668
89421502
217418459
961518874
417093549
484300967
273671123
993724926
38173524
427158277
429360325
289602562
817191533
378756613
991350130
966027391
707737103
68890506
694419273
8042749
911698423
264282293
480779180
289632747
118416980
971085028
796669882
781816882
531102769
762122071
244119803
760700272
355039159
687231453
700070280
807830260
123770111
985964500
340260671
229887942
381083248
103024350
728018068
168239265
920045846
33152524
943768457
517408998
782730000
535347859
265542407
784028754
957961492
672959407
857360167
196747933
923484537
773257413
76017290
999126509
547376904
115790788
495891845
228044850
655861379
725502378
970963542
167016711
148748641
657578215
448029837
171143103
839425525
740188382
726888402
823785170
4509221
387092379
981065899
160200882
636697690
399185781
650394798
551864097
80556015
835188809
744756727
777509229
835911452
419110381
833020540
371057132
85990601
388631458
642243171
502731688
260210225
360110156
590080752
570574107
994157761
452142864
875309675
516800400
557361674
347912067
42440917
442420261
697741297
292068286
370302753
804458768
514675303
49109755
37064226
483371343
80646521
149784075
334305835
1723390
38501108
963788720
889062354
103028191
568504287
997280266
733783871
912200706
879616626
192460580
688652129
101221959
108372262
126211220
835222596
202432385
18868160
492668335
198790034
455502105
667970948
433656031
497927987
477493638
300469266
773767129
746602848
590973712
89324228
232794593
997000247
806499229
675463444
818184307
198480462
41235091
950877710
298426316
183139295
161515086
743318794
151184216
326105079
396268489
754079005
961137271
323353868
424532114
372751665
177009098
333620271
690349365
492644024
440036676
706284279
586670869
466759353
754863708
795679469
833782022
428454338
12591974
183285021
429212629
956626884
848193690
984913149
151942805
989184395
499979736
709875585
491129286
737707600
162587930
149932420
453906370
482779153
258367799
485506727
415395610
230682884
230219634
613865421
902303659
421668068
723662488
541875539
384510481
825033582
117596170
397538711
7563952
322620980
650563347
483750073
627480660
517418571
377608170
145256496
286171934
533074716
963514907
156686378
507583398
86063358
757668378
372037393
646075149
41984286
745501605
495192540
571380420
820340237
93934094
239403401
611463422
861894940
632045474
874331872
318994615
605635005
253629957
995723844
66551279
30913491
483819119
407447003
567633620
634820930
518861207
423785205
170617174
150702312
688586592
136153033
468013846
135349354
377957843
205068571
423270407
220033556
883195334
289885929
135207542
446016639
881844579
405593786
16697375
88367661
229506531
625721855
552228078
606673209
737561902
445004087
802364085
708345337
583067309
669867551
701746700
485435910
318690522
610610357
604633389
123266466
522907661
741628062
274573005
699604447
150769646
680488062
161245433
703908360
321814563
791260582
611365102
44607403
527903333
501249548
119168645
500559253
168896380
862512239
871108905
160688666
134511161
219127162
213241638
408315834
88742850
160161638
159424006
79405219
31926121
768589673
416332390
716810796
140122729
649124047
252942651
201142721
632835388
948482952
104675564
27620606
456056217
284036567
769108396
972655229
239418431
684886481
604949153
829252000
482426965
123250792
453044874
360352272
536570174
307630472
746084088
391475624
809569365
231634564
66554274
292893536
508793224
956923141
626597803
450837676
816859708
476873951
385238636
542734882
576703285
864284616
443283667
748791656
3163742
995092197
335711766
180521901
664672839
379526235
268667184
404249965
683087335
710756847
927241905
169115417
112317532
297033181
137579150
744042914
199922913
715128150
672392001
73088584
332632727
686144653
83272196
734202713
214218280
362845213
684202345
87836612
884673717
843825634
297014666
966187529
917118756
392131034
451693262
635054917
803947862
996137012
223943582
415552013
570023612
125856225
903575425
344072302
13980541
67682499
705774331
264975226
216962835
456360859
824681620
696863108
654220757
163875857
174764537
851395694
526617576
491970671
881766969
757636225
486411082
144161447
478439166
96061282
526616765
290574601
670575882
90217956
345513413
992790850
897863821
751700796
701151711
233695822
659110055
597723993
485889691
274069457
592542695
563756163
292949655
338949469
867923722
557805326
148918291
877269559
292072848
814857505
464171449
934592651
813700335
833022462
930117076
97397906
734659073
469544505
186849581
775465430
92941550
727459866
972935249
540006740
12992552
206074507
553793461
571262588
634389946
353547727
380841406
445551106
658202556
799778605
694511716
392241143
985659362
346824560
427078328
203326816
850064466
219837200
947902180
713145434
243089084
272773590
622707565
217925290
340812969
696582710
879633898
544482471
832701579
87459207
243824985
833900325
496825429
621792259
820651838
333969968
88816986
851692727
144354287
297257398
937005389
272487708
323179103
666393600
213904417
47505955
14693444
880099806
151477895
774233592
473415258
226929303
527169566
944746714
504096747
644683426
969570299
690717531
958124164
514776235
136369693
999311696
521702778
866801638
853154474
245156199
403761845
910686163
968389408
268741521
54804635
306534197
37065799
472538171
523215122
492898980
236839954
112522444
455023290
601980405
911856705
602744413
729440078
640928142
789122372
286192182
790972340
669484976
698178378
470052418
807690652
14698838
249234950
860450508
310654079
462384558
729554134
621092124
665928811
46753028
779076188
611809508
608468338
17394865
640421057
422588010
994429459
164578975
193734554
917489672
239984482
366778381
803885090
687046171
487701047
950965490
576671632
814470874
874143341
387758439
189344714
618118164
292621913
423548178
204664690
340805085
199839620
13290600
148194222
691680288
383695806
959038400
136547543
874637419
369378779
644368333
478953599
676351859
794557150
690429121
492176053
426138046
60909673
149950992
776830081
491836080
579592771
943999045
638717399
561969349
205697603
513672918
303701101
530932683
549548602
656764661
969487984
735867489
918800051
685259344
916896544
464801701
702227643
511156662
833271925
3107544
681252866
910591088
59133845
292564227
68367953
7221043
1409532
750694223
805167540
250875627
214355685
8386190
772796459
88998525
69220912
237361457
8418874
627509034
474809751
390909049
193023308
758030666
295021211
3238699
360430577
465647243
275347806
189011615
332800617
939319489
916667903
199162582
565199909
321440154
786012729
684731316
730087580
513410476
501460512
845200024
547236713
524810347
781524338
89408625
464048966
463218027
927709563
282270510
539189931
630989906
414381364
672719750
664877274
943776433
787090857
199670239
702278819
908296544
998501163
121233056
19595576
879586532
929189406
830352159
494750097
812225802
979060208
4651456
90157305
733563706
580027927
995434919
518665219
651915880
384464345
463127669
432969974
251839264
626645233
908449008
612887383
622774923
310038815
613327754
801088264
973305042
710004059
158661501
983781731
742199825
487091268
902486401
226767462
10177500
901333002
200710374
68931312
774492623
372225393
367987745
86754269
671033323
761406711
518399875
624835171
972098185
617132186
655419173
44570947
663286262
746543303
377797460
539618314
765762774
574673009
857678545
328628785
24283745
553773946
586031890
893790325
687301980
358618777
945518186
357401910
549079719
206433059
798843725
969143748
93534061
211853698
602519317
326842882
247514725
498044547
787917929
982813334
231626088
151738008
242547355
433901525
444076727
672337930
572398095
170901876
359608078
476298742
559026043
157877137
304461661
801167463
107829132
89646016
31739654
8578292
474585991
458095031
684488608
2964803
416083857
465378232
290300893
552673559
19057893
309747234
68396117
185661615
429873713
71510813
494300901
311758537
45382410
429589542
156939197
730003503
603812514
548872416
729864831
584379036
71686888
665088440
560622576
526476054
207399012
414168821
187109511
947777507
161888777
218755434
971412735
834217454
769441028
673919049
941750485
248227169
826277402
812771954
415338977
31812578
894267354
782758700
852673088
426068142
213020759
609300213
174060783
98377789
603542204
633530129
159367299
170193428
320725792
129856391
271536370
801235264
227998784
386770154
209106240
969685654
470720624
829668659
205495156
789965377
530003174
546425731
636676338
913990
926134403
507334976
899166678
212852673
751133767
333749916
453947767
677523403
31518363
457571449
801913133
220258965
575311571
60767220
330449980
710175033
194494521
502618309
806981940
551413669
307021939
428513791
362696614
790811222
383049556
917793794
872340519
172831048
72300993
69671194
406366636
812614187
618744969
599667794
17454873
616379241
658369447
347395961
294057034
92520258
285678898
743861221
882198860
685369295
507764771
138131760
913236636
318737526
253311090
712567511
319070649
34361839
497294313
863307149
265336546
949837825
855041967
982697594
840952262
168519086
611868528
559141256
947219278
195274461
747164518
223349717
462651121
818295816
620582250
547751099
844008116
119382057
338293571
469531047
537791827
508136416
70438648
977643272
351533579
306328989
92293020
587543022
932620057
32714065
822669489
289044654
509115373
32434127
625281028
242047782
397314372
980904326
412988739
878045536
593528001
840664368
532487920
350692914
509462529
537204189
136594392
365968146
437674252
93410520
416975840
765904181
405782499
728393373
921163568
194191979
978115463
614710334
440436014
584380132
846182532
298853295
580506451
401405505
576062786
783113079
867570770
809839813
128603088
481460501
834822824
127117673
396073678
948669352
377812467
337201902
846124047
124862266
21480339
329557419
494111122
911824181
113450060
373559162
142611220
462023295
779942152
761037343
353666309
382602463
288265846
480832834
930022143
166969766
327871904
427515696
442663515
54406425
96255085
333544349
987907197
444952513
883296344
86564558
112862281
9013136
466184431
696898938
667096294
514200345
273140962
33944209
558919895
198401182
355452009
457164559
800919609
57235034
225955350
519697666
42860205
291968197
830026338
56171866
94819725
34655682
113477399
798121366
350952503
856651873
100934869
780537075
831671604
944499158
371048317
790598230
449033147
929407575
153423634
940664141
140779045
170433767
642705979
221788981
28656222
216818458
819693380
187398729
524688977
881542005
690014161
186789517
929670722
100034036
353710222
83030463
859468764
192670581
600515495
152719694
251770572
77917958
915108712
953198932
449830021
356151991
405554019
169958427
307396058
999584813
719745559
121600078
741197040
745920503
655319035
845017695
178612796
393398904
308534336
637460879
631117861
794608843
447800719
155820662
709707571
765622695
12289593
409470831
353152175
203749903
780684316
136462870
759569149
170278568
161436572
587859183
373004651
602903826
232955145
697400031
704846323
415937155
584157295
630047054
325192016
394045794
835573136
245874776
689306292
219349738
973494084
656430349
159683766
853214453
935113350
20656173
765584461
262946200
679038930
184291883
620179453
980283216
204828083
266172547
158770353
651496876
730727770
685315073
443568477
122586709
658821001
693959037
821437546
525767825
264639952
201877341
865473594
428331986
347380837
789878465
566267460
952697913
262336808
781574153
93605717
347294764
642396854
968003125
770157045
793678300
411476008
131348005
896390964
81721260
6416114
665398852
523979711
61206661
923482611
132211298
270226667
603621452
469375531
58291068
679893913
296918778
516763225
645233242
331850676
459871537
933797059
94133
968062829
221287676
259876768
113546919
17150119
835559469
793538225
856118316
175700028
403330562
34649266
957973657
577411251
282069896
839083336
149575415
804542602
624850418
621441472
172389802
471139404
932677455
912390525
919253029
813552076
655282708
891966680
386226645
803308842
240153865
793250838
382683770
185233952
208674374
17404964
672654523
697304918
293832466
975841459
793098376
353821254
71133440
340482379
307971693
731481598
454511498
695530368
462795733
193301962
521370917
580281105
967665818
766372699
122004011
283935304
677626628
723442412
981988370
150503495
502068875
447650229
451545107
745539851
253247875
461934070
359085441
770608630
860713340
481295316
62640575
971752694
772034677
878272374
118850867
17513545
626116954
297868373
61792610
143328890
935285992
199129568
539537427
519190933
135768077
236373404
715256524
62652758
806398337
957495812
358375955
626126249
565931453
462271285
351663323
861183390
522045216
89476713
328025715
204494125
976638985
8222271
644125574
912975430
375994708
102052603
323916204
41124505
330500916
925273744
367300166
615735710
488968802
602828678
310824699
535408836
437198099
496955982
615859296
981078411
74733463
476543708
434665323
799454925
219273555
265346412
996423032
132774756
541725435
553573419
98516922
552883549
251139218
252465374
454807231
353741328
375612806
798348419
58061464
502210936
374649554
38227850
981649030
899879779
246194299
491662147
229160719
18706294
613216217
852977222
365760372
469223893
799983043
274625356
518481600
471437256
321911660
895735431
549401205
223854441
489162386
250934718
926373172
611068547
239643315
985046306
372151222
211483422
375388265
674439100
692213047
977280859
256719259
503534717
820843034
323870776
638010627
762295007
68487032
610674556
585272388
716270153
761662013
489944549
282985306
649283918
356367972
176246746
569366978
407095578
551497567
260077937
816894719
99476213
620639159
599406761
994220845
753456111
511759346
73591219
829386061
457935456
638911574
291999711
824864999
369721860
438636102
921600835
747861957
234807136
791657074
915285425
17732258
840498533
245290633
478854110
20420977
435764023
247491093
702214356
615508345
129480490
428767407
722641835
843509999
389770787
429094402
999761377
198827985
480727488
622444771
769492698
863583615
653564490
648672628
540510738
287485084
623162501
124681976
721448828
332151644
730149977
919319979
401033264
425761172
76472700
327066650
824546137
534589400
633511324
784035889
520278544
336679635
334707038
182957627
813132687
177947774
129004655
374898664
76524901
845710057
585557305
124924611
555888608
354276407
173071486
172848689
273125761
541108446
822512575
67131294
35737822
22934788
596688051
638095840
141222814
164306824
955531171
640123024
940675648
275040046
641929960
857279045
422148804
943928413
534191612
307546817
597611181
399108806
598852349
837380800
895288365
35170772
783924949
304120743
979618267
394017442
28365911
675952788
203052131
565500489
381228306
878349880
756698721
535441776
302497202
145310528
423299465
43928831
860847025
77669155
609414231
278158531
495989655
628725160
989818734
412555661
892069024
779257805
173040178
7225930
735229332
320669513
833013706
694431872
572818514
642428834
207543075
712610974
201425516
521497218
600288830
327755941
168694143
560939400
920043995
735074126
797651247
833474012
907039951
192055050
747148643
502510494
615472557
681102357
226767956
666704170
581653596
185345723
339013575
529836874
487860620
557995778
476509552
32720622
942642354
79804758
103317042
424963545
482914703
897327370
165239719
310264635
286576824
114175597
273364595
644637283
295256644
202144969
334293520
127741168
568282212
608256184
303324820
223355842
665290599
896913420
414827003
387718011
950762303
524250848
550171480
883176925
441475517
94308341
124130404
841138419
635029539
632167625
992366480
511361276
809051670
623923884
222676188
240109931
159209210
86063517
227275052
289951364
658070826
135994748
561814956
195080549
16547486
323039126
350453127
959957283
906939138
554810382
828575117
87197739
195180610
835754611
868251059
554183207
889802684
456948411
324295493
519630090
290691331
584667817
513720599
378803436
223831362
153540667
953492613
657217310
595011705
270359264
200915190
854974861
970685445
311239472
901728785
4403856
659545554
483576981
933352389
191566597
474850280
459960953
258249858
237744291
489297977
884940584
568067759
144175957
112310017
222563620
248063864
791414907
35975250
967007419
311165895
993766972
591392238
161999409
333368322
568750265
775462654
175863456
767686560
800865190
97623417
898543837
911945951
341627622
666991407
258405180
179414758
594334474
462533664
65673800
194357633
421565320
988882729
184634441
582049643
223160553
845730277
61308145
981437866
545861925
904221059
460921458
979236000
42156880
251135374
322905215
792600737
261172487
515870133
534550904
377311738
527218165
9879637
152894241
752293960
320581625
168337798
763766666
749331517
902317998
515544184
767912205
579421067
337972415
149514846
418700210
132128042
136073655
838171047
859465309
844255707
804487751
133482721
773911257
386721146
641261230
576573307
503535685
471886933
303135023
769566687
692709454
116772871
701521001
707608132
981134705
942286867
151531178
957669209
673142622
929583979
52873531
314601813
892056062
105767176
238731789
348469865
195492050
435713415
907375748
189306499
656914743
916525966
687736428
791517725
597567447
414361646
993990426
706741719
866207159
280201342
896210501
451753326
684764677
155670671
75268153
93940368
747931344
219783540
345207549
864170083
91964504
934211419
416545011
390412115
935278525
400293773
538021178
267088649
118375589
748895819
582773104
18437493
460207337
680227990
988000580
705226123
851417826
517933156
196074343
266032635
749431490
220774739
302021668
77610896
995303348
98671333
930735732
191524397
602393595
204140496
691812624
231720793
24307665
442782029
918444769
421330393
358598232
456820243
747879123
200308311
370195827
78489780
609243214
490810429
88295069
881785604
647499083
165658282
161169761
892859298
124286890
823170272
277916349
80329638
228763229
808034955
978123405
541408077
626963556
244026585
206783456
345467828
683813670
224036089
527550112
792391047
362442548
102363299
404468266
340553136
862213081
284157267
901704456
285810006
723205961
176889331
843579437
965469060
797692001
183282810
872394903
997449981
484177842
555066904
122186211
323050922
708610563
968464339
198989465
850085937
962345073
264758883
849343502
973453501
582723221
879977868
100799831
447913712
34021123
359105856
200988124
838754290
148773345
582487368
968070904
757860546
118006053
406349799
338520535
796717692
386036454
462738678
24606512
72098815
942996249
670668794
501948315
361176946
325250415
114398022
699132936
50953946
244096004
27745875
425340341
436633987
755478221
72003832
4703821
468990003
722350616
18401485
725705291
291797056
386929823
535311629
382150474
93419617
785316486
417317388
365966787
800935259
512193621
214929214
820666699
323305456
966342824
458364292
857218940
551029570
763117957
976363215
576276584
417436047
835669461
894088436
609596271
192536279
123034739
917174436
4680772
748097238
906564406
973413323
164906330
308039769
179752850
465738541
989162769
381150995
129969543
404238915
585303996
239911276
597635540
502411733
226663521
70995469
638515569
3300097
450882298
828385052
151538979
160666226
700672635
691191321
383138206
58512638
180567066
139514528
766132274
414071978
315984020
619696638
419307848
465155343
214412829
581758187
19599627
607244467
962939357
534351077
447770346
740987862
775088170
535292870
45133780
248049444
320533908
695815164
775503472
936264482
374395044
545443690
949487083
600753924
565541608
10002273
744734430
91688226
911662728
355962439
378518486
509379746
584302484
388865929
70595933
892481891
628742245
982123258
863762799
535605418
460296600
583203173
821838735
516566991
358313533
682269972
617128239
455612984
749442046
70748953
289554722
306659864
592819571
915123793
548354172
566218563
968706459
131490542
607557241
886319633
339197907
302096044
804076552
345783867
275785915
817071634
631342647
192497592
914453007
931573183
581903795
922477697
747534859
450111490
161620079
132195014
129556316
776493154
122112899
48753786
586797716
257531776
439785903
83139400
844811590
24258625
233311201
201485127
249264803
611111006
369697864
914120302
911524443
152280474
463472952
739582862
633561207
935123319
661780868
317044341
295845220
806565435
415069506
37157079
773460381
967380744
532878322
849113769
115618970
821205577
636341438
452255750
561882410
297552221
600656994
489171894
358918130
568881831
556826783
173161917
119722174
757329461
215543856
235787039
671425288
881287146
633858547
808975010
228017619
323151378
129719006
798333012
69381329
411312298
725025374
228033824
87035312
482758674
19360772
951434361
641313773
815971931
523708773
738465809
542783627
881219651
637344166
688615433
585842755
723559477
876614817
825905045
632172414
687470621
810535992
434703059
634036667
65627274
580441451
740245574
82229152
207920377
829294303
498092480
424923867
334602362
959374801
891624616
561666153
924872666
955099105
921659819
795238950
296168643
732499614
739914258
939784491
926070656
878030143
193215161
68294396
334019494
493818972
99881709
508429168
793086212
579591934
887512733
637246708
809948578
628837366
941448012
830786668
756603674
448369640
573802794
69182300
505950818
682637121
17124128
332939504
67353674
147241920
302932951
884544433
638368402
125008470
538184302
824991115
306565828
132925806
860625126
835267099
574546861
381275770
5013391
395357129
665708222
19991559
915675153
386644020
334388402
555184746
733872525
458672847
92182710
643963913
63920941
643864389
957108241
182403796
106864866
751140576
384267230
752148176
505447986
926496549
871820995
443491700
29125661
763704565
801323957
847217167
450794387
706821628
443348049
593665145
582214583
320332479
791311977
71775294
356715525
69199418
831524541
811797150
465812216
76493075
650359324
186263570
830481903
424533359
812910166
582719291
843942009
774523488
378696303
60222178
385638572
147853950
356669083
476976826
186748833
327079620
661927980
801025854
824567718
49499555
207492555
577658531
316912669
997271476
301642228
690886190
697964930
381110295
206136761
843881523
337470718
232906375
585119358
622137952
606732819
196007362
605541226
565030359
480743481
807860165
802999071
157243973
492787215
895228326
167053476
204831205
253896700
158553783
723725343
150916381
859785091
836054234
698657166
546876255
438944819
130122833
879696949
58312505
797859331
213880853
533333764
895915206
591536756
88771369
926377990
780475612
115169565
110223630
306400335
413450379
98020395
308548823
955200503
718018914
952136033
481212159
500584954
761228302
208007913
376458660
90319282
93899796
915630719
612441301
173471078
449236402
148237881
9451320
419152425
347235732
677097665
490217682
904799287
369105940
665851876
496378535
699821358
463398770
27659400
785534850
640280528
868021120
755538615
109685395
808503550
143757433
891974666
641868519
408362561
657863589
39643235
224266300
144584461
176733197
556663322
951433271
916475174
885558035
80997729
764363667
313106396
133112737
800343119
544017604
481456776
989072708
193611473
104635720
310014789
645066307
683934439
882750288
864809714
602292896
409134455
984012371
937555953
338770802
835786474
110073544
806984196
863121723
184796797
501508803
377444185
378456823
359464063
7949974
503226596
675957482
998692032
93031206
179193180
758200254
125810486
49290403
134196861
452333750
457684161
268238821
325867766
249834113
831425618
438792040
779187597
344575774
260043045
207707323
811570167
888432304
708671639
82008495
725934083
764591522
697925204
606202792
981766929
132103298
767526416
425963581
40475317
472771265
400202686
742876894
230399340
905089242
490813187
726820098
825132401
871338933
173787000
486382400
455812418
326917469
868385217
990329648
129680495
787674322
352706107
855352351
870281148
954352675
665092368
624362046
82450164
874036364
246198278
170250326
4500354
697561373
304231162
98932268
311733051
157430567
611587127
724518382
301180536
810454042
503130617
254788618
104697137
133074174
756946744
15163688
696898767
770278132
638866381
484426102
919170378
278550992
324013362
199993048
991957916
358957030
799912061
990179872
325787717
715383449
943282207
922235847
972729882
598985886
467228418
223612974
128949979
873626805
350383684
468333130
172737469
457055102
93115725
93731001
223832127
307590098
777331010
698163099
293787763
32691039
660447031
363529985
498357742
287849541
556222643
674856254
916644132
826189538
383830198
547390880
272537546
405301334
784032697
655278458
387847734
939293787
154448807
822796931
483416762
72468869
761290164
82679055
392629749
9667795
962129205
310891584
29159334
114899006
810572899
442806776
203461214
67692934
761420183
462100208
571513499
86312202
248271965
805034010
550806018
361251352
559179433
187779391
44804953
557874931
385604283
525914316
875912016
836309064
754598705
60492671
565276831
538428252
177037592
802867643
802400129
793278226
338125801
444235232
29477687
651270331
901513519
39868641
577228908
604809754
855113410
625691682
608332658
585265553
339953053
483850748
875145407
764270165
978696069
732868657
693685739
228645660
452019150
258284289
822482065
37816643
212627182
874645376
790569812
886168956
821844966
400999481
444743512
481467202
2615332
191497003
892799062
873149535
66249081
340588395
49666481
514756792
729343841
901446611
793843025
93149850
195010146
898652297
2212266
735069855
583798458
944248077
794511358
396488109
67856885
155417496
138304650
456608670
934710678
228334658
663182723
481404899
987673014
855301941
252330408
36904341
722847930
292502603
30884350
230722931
692382753
492707879
984522269
481469738
90148442
485954725
539662259
348052500
669028605
500742775
940946112
165219738
104617101
806797421
110961303
275813257
556709108
693603672
746194644
741771453
133704415
62368691
215878209
59694718
416742198
939265734
191817348
19504001
607338166
611926139
800342039
812887891
414494479
71866210
199315057
296491641
25026332
621962505
252537798
62393559
347876991
629096180
486512423
692152195
517835577
73053759
965681602
594028795
789095446
311985922
497488664
936534150
374666001
626953425
247384842
938570116
407857343
517054187
612682946
500447835
90032187
221150
85365976
932699796
474466492
807573656
395154870
602427562
951519099
94547153
111046012
761353420
581380631
403631816
78504489
828798247
582902318
341862311
214574614
4818349
805789458
33415006
772269230
724240458
529421421
686571637
187692797
617861340
664425391
916816491
249057180
539832786
343380781
581803271
122687581
143010150
74586735
524591470
763081020
627419954
342829403
72802799
316798275
634920612
898565910
59209191
882346194
765279888
737198662
451697531
821273518
847591593
348226678
65517122
438980277
779993793
777771984
987703533
404632080
396241557
576440296
154505700
171587077
534791546
558984030
285302470
791482351
375979726
636658379
559857825
93177464
830098462
329770156
263731259
789340963
5115412
729330818
728266655
163771314
73731826
321342018
855376463
763402586
1938412
525641998
798778182
152132103
485495793
519341005
121580373
32287318
243818110
385283344
207400096
146700028
494572533
931109259
353681799
161886705
867988820
492107654
70457110
41068433
815272832
626011680
564670182
402323440
484239840
515673078
519200613
382853940
16970589
943166203
410819913
590149150
519228616
950688226
629010643
474366022
556696573
464643505
416683490
332205312
237152184
336723404
990959651
788343483
547391426
297442243
179996731
56883394
938617850
776469541
644960626
270539966
817533572
279731869
898257575
175409856
954133981
923713611
920176447
529432815
413839438
552720349
215443863
612485342
920553076
965323175
529848334
482092196
632568061
288432894
210052554
206717091
529989202
353335612
806578653
316986062
286202427
158746718
930604118
334049813
318810658
941931186
914282787
746848834
482131919
436722511
821308639
369233953
10051069
826448285
37076770
821659898
633403808
786915303
709605302
463752893
537899856
93447912
657218256
522442488
217462227
403904741
95841090
322574864
543163771
658896533
470351394
375699125
534805272
826822964
481516941
294279451
759570877
284537950
107925826
766171996
755313465
229008482
720625190
817945444
852074274
318943281
260664491
557024330
174573758
95172450
407643534
870935319
652494282
350548335
570092364
844381753
540018297
460169644
971555630
646515959
428582262
312517151
677810049
576579701
64228460
980288082
540527190
777195566
27398926
858870836
201940804
446682514
685090912
264870048
99496104
353435557
29873707
870155137
15833771
272432896
478747189
479804055
468328377
627811212
957776786
394003157
87003676
744894569
351848817
817132211
494615957
726595101
18941781
48850022
59586345
263126131
263335157
792280866
681436631
362235180
751796170
196829844
416536543
809935653
127473876
346324017
742724980
998271435
428529886
202566457
493519581
749172686
118294861
392176791
113874332
644568269
846467221
58422855
378066488
206408829
748614130
968218186
75679951
616908009
795644166
971906057
811797952
136857549
192934251
939633260
552628908
153778282
406477022
982282303
992121597
339800797
316626035
837603557
938561512
671353574
153585515
711094455
553117488
10483422
78496137
991969290
306407784
247663135
793934049
334588060
587873162
296503990
402913117
433957660
928910943
778073287
154829028
445471038
864088244
774709172
832696698
673271065
345840656
377807467
74721115
99769372
273964053
259258184
484952322
162838889
375600746
678696505
331303798
155506222
457605193
114798342
641305132
84003820
39766190
729531664
964079138
355078619
452351474
355298237
991040220
33944943
470130042
649372558
89152821
759252525
70580134
421087944
209859686
534400893
122440394
611928746
798542697
322805937
397384527
547104874
871278929
225178457
693322012
168145163
268664703
459292478
80391017
153260810
503598389
593529276
944939679
481029638
450096834
934437772
520318803
585043082
143943731
308263559
214062273
524106233
81120539
717995507
200663705
199483462
186071054
346326736
813223803
801578153
471043804
882976281
593783775
498167585
99317942
560386123
8464011
408890460
786672205
12344610
904663644
991903781
391558293
500054772
880316758
314353637
397881354
369152071
595522578
472000233
602887050
320027763
940887116
759494073
899403224
755572700
373180985
629618380
272740792
620379262
308528059
340336831
14374960
263411514
434531827
454395917
24550998
629352066
895151594
515707179
644394722
836804737
345371035
813021056
390713540
191961258
516946257
16621549
130212336
51575627
719247996
359317121
78034298
268348102
334805811
226258378
858202295
312177519
416700825
167021649
446442273
218670326
670305383
199424031
409028114
195009811
552278
92961348
784389426
912429851
502552006
699291651
639865204
758260784
942408068
82125187
646718061
640230064
964386796
268963144
728809003
642314120
514715033
143509557
759743438
563220483
351265065
671592670
203933733
175330717
696071146
334940140
761329171
367692700
793836423
818384657
867587186
387921587
389016523
829405061
368986652
762469461
394398743
203036062
65932871
221741569
169228508
84668408
560253066
827341374
555732799
629549693
488656759
242901322
388816516
43299798
753638535
50974680
613368952
826105460
311247292
97662886
416653814
36409666
170726860
602248709
409460570
706657323
960173577
271326557
118989572
708202810
85870810
915100618
735182288
199180646
931372051
639210740
171257938
198126509
850887503
323476099
540830
214720914
69568304
191935359
863557790
894792575
713615655
937293091
337742170
603631109
344374476
133338773
36897205
38782204
493575613
910802403
87216161
248135078
710095763
109873983
878042678
256494006
865647667
111317438
537257271
137875047
699119557
308571040
854214685
804208058
380480649
241254253
189525012
721068200
197315549
662653395
670118029
609287530
987337979
973430268
938110410
295392053
825607153
910730580
630866500
770962642
256036902
89569411
12651696
370807448
672112520
766342058
953576830
616776140
545764586
714597818
839084907
335609695
517795261
397781628
309886172
164223295
885039446
500354194
49053891
339187741
17180480
841933429
861189929
716377410
97453099
731276966
718786217
698164031
123920902
208464259
272696953
59044103
692279779
688760676
519392659
115109847
51718697
898579060
665693662
511810970
579186889
465076707
176895607
369134843
473644936
769058298
248510952
718538592
236300620
30131228
239375503
30886017
641066164
665408199
978871981
812834859
346520843
968402338
935360366
37043808
883204180
361031973
484840431
933303330
313162754
32447425
294564359
822606628
801694052
343684131
62022195
403903915
492101943
644640033
389977551
481700667
919541643
599161657
848078066
605076538
776539689
96982708
217866195
315687316
824620587
173419356
406853038
401384961
630216771
185650677
405522910
979817751
914501815
360905112
298743152
975379971
715843113
762638843
675929987
782396263
157369232
267841420
355189003
578934362
917473924
746627049
993886373
345760101
285571900
17651050
152920408
265172678
584050412
499191931
170659492
328049141
723124531
720103939
181103116
334818205
647248234
41134486
427524064
600397898
365377046
656351278
351089596
350293118
961671088
489273031
233442023
254333477
151636040
519241012
540086048
827954440
749956115
488577016
717695334
742082590
949832527
125509588
131262314
341525907
574287090
784965282
596645052
577591705
909446287
220581838
87781118
871294192
499063928
186207231
668793438
105450306
796546704
507162667
739427168
844111226
157587594
103472962
358753896
805166805
246738733
805713602
641960961
100027851
891049525
174268672
663539546
609059155
14424939
723060320
306996314
903758321
946499287
821354636
533246192
685756941
380421876
845174592
333315841
71854567
407629199
185302262
838155515
489375123
754512401
214771538
863746103
470832388
752215784
986684242
874685195
242122846
124856424
94276192
462157667
547912564
826816544
109766020
243039406
515416530
126283560
380530187
562698075
983449628
525645329
758843502
322450028
601712763
549883446
949352477
107850958
104616144
731659778
94016198
111716159
259964436
748324484
110066051
974394314
701026503
886841243
700592294
81933076
183773910
262892231
116470440
581200921
544340078
542047830
324310774
300264656
621110046
464384961
580581475
913838394
954439094
388581188
550106901
581210017
669341182
881767829
76190212
851046174
67389385
129917060
928036885
430982131
621879272
187496411
806104303
313614239
612881670
494611607
335216056
462915382
856124345
152417430
389829327
133638354
402767860
202703705
454354595
462488751
635118467
427621644
69381195
174046050
447084639
823699837
99003889
572698091
508504582
136760786
240772460
329326816
574316373
550776441
717998740
331661486
771552341
235669394
638430272
540447278
691329679
660398805
813268717
780418406
61769251
751936447
889201096
15997844
250093343
567453428
146675748
595122779
152386689
125301598
353084028
582490202
248778027
764653050
263822566
209335611
155273200
164545181
190498488
950017391
499819279
972081341
795832385
419673789
635065708
48861295
637833502
820184652
218447277
447394235
350828288
392086999
110668827
263402138
50978321
503915522
114646711
997839176
140173343
108885997
580226133
906965205
240969461
595205598
407342918
362934286
664246388
720142033
431331273
527623481
636947173
210774483
506790755
652600994
41153660
631092467
959119459
292233756
112756454
276719644
920983646
703792516
440292005
315076585
37888270
796508951
544623768
96216385
505443779
323215839
877652509
550481734
706878223
278777313
256055973
765922731
473826230
37012825
299756295
705970829
586199002
946104182
716483752
316263039
701747103
461084041
228547412
509942644
128245028
711604467
366736211
496868307
193031433
231854400
987269556
143670505
993868762
107009665
640446720
19711342
867193943
37293471
471408746
567563733
734999791
695646845
24472658
58717356
743818785
480393452
464526401
987936804
138126730
181586125
616881592
966818704
939484608
46031447
334763585
643486219
155987072
581457203
784943526
342830784
378139735
644476172
899672522
182159330
676982866
834138410
932623428
833307195
287371054
561509341
834264594
681358109
142558023
711797265
65933784
376931429
46456500
721027779
160278400
723395179
848843671
472906925
644946182
669574577
622608581
742046446
412973605
48140065
233760465
194540649
246556693
593269673
665395131
255729936
678458555
937828650
548913281
974021940
242150468
48884048
828834511
352550058
838379840
696555181
755139804
376962730
318793338
317597049
329832769
590483184
156317565
508574297
215270898
455903127
155696378
906003527
664823132
816297121
396774092
811689126
118341268
783979756
252314894
227948259
337327830
82098711
167673419
88847866
863927204
706923969
126301204
867228786
310386919
830267610
610426478
631893872
392646845
569546932
481586825
349432818
721232491
651609810
872889456
477182295
749869860
594373363
93698804
77660673
487694898
906528264
580336972
343992635
527772596
362606367
940523254
392141244
713553548
166125304
833548957
95167447
772000507
926777685
444653049
874858869
655862863
863477998
745619890
305001824
532343538
428655595
658925602
392774064
260348521
319960136
410357633
400040339
887080837
308310495
181889847
811631145
126446737
674649492
180955290
543628929
66258309
282612467
853425523
973212009
678170459
594128192
604851203
394782707
65802099
47552192
269638063
780180398
2043407
300659878
218807970
265066984
250324085
774573016
70834446
637190812
390776121
498083680
595262226
510417952
14944688
408402175
117007841
485057197
685033573
915731670
234497382
229162725
482877936
75900749
762525404
50929113
49871310
755454123
778551114
571567855
513563746
99062228
95461032
390176509
335570012
305303773
483397482
870457838
116105220
98261244
798635197
673579188
637971805
261718914
581009317
984816058
4634592
373793653
856612265
172011611
59829889
194350772
106815478
280261471
645358467
310481956
784203955
729317541
189456166
630004974
560405593
958566370
861822221
866184554
950939306
260111632
687571432
475652403
981708000
679253961
252803000
179832789
842704241
438622695
440173617
314414095
339065344
945394491
427063990
696571569
743427179
508216624
382683841
316107128
614399153
11787536
827899429
606598051
323504886
576804806
929452221
619102107
119069643
89044782
733024647
783375000
408512388
924564130
846967449
344189633
770245493
417565184
107528011
300233100
461847730
577819595
50463567
132189328
295870701
164757771
110891557
624352497
673049638
473976416
901392307
2375702
130125986
489962401
696307311
476200273
539746863
541861723
464343333
196906992
735495384
444849505
259645464
65483671
982718849
352433323
819546543
408494898
913764265
643015801
281387299
11749645
646389365
853958454
306039467
413412358
500194716
891036985
501199716
761959249
954614773
948039352
784140568
958742382
957560025
521768410
124967823
697861463
347495307
158529335
93672595
409540609
233538766
879769116
575697855
759111630
862010969
60441964
727179504
109328969
692260802
326844480
41863249
480331073
647706671
578067902
119761880
894637718
125020578
414147267
557249010
945725152
71060439
290943635
266279577
449320918
922554350
757759024
555197690
396924403
959821918
287293442
916921100
502594854
721046846
606527396
587109424
704321911
171863377
201751818
872692349
985722700
365967869
451738625
290150400
731382568
347731257
876044037
501554993
270241982
272634878
688520678
47215768
395475584
717935877
822121145
840965897
909796694
751971604
545226148
739259743
261780748
582591835
582144312
668829197
715817674
529943521
211245043
182664221
641307905
657094200
186017645
728528358
829887499
460793212
966453362
588452592
171835600
761929831
870543492
217068613
830360181
383023990
849724081
502107245
775962051
283206889
384090427
990329646
381035283
279725118
887748060
350478961
62811710
135356987
235573879
798729761
823962950
317477446
322739078
719383052
774814102
786938705
431217034
684436106
574637196
730191298
162938804
286105063
178473363
510746248
721219325
5242973
407896703
460152027
352981969
707318771
923493256
338358027
501719362
754469664
259074971
230495526
640521040
285010534
191331821
629539610
846910642
698661257
777513940
884140777
710279325
969285791
779398581
572964585
486748644
296037581
360507297
113188171
278542590
532397799
725132413
149723380
788410624
99245065
751468130
84944954
400676158
652340468
500247966
980223914
705754745
544610845
186845807
81552116
753174790
789504510
435172631
137361141
67996035
233264893
348405931
392927413
655587150
154152427
208972660
237002501
356109969
797736631
256065418
663029594
190066970
586849955
577089584
382241920
494435089
270300115
172225563
30716245
694897845
110803690
318421090
918471606
138118752
487753930
624314690
827534305
784118961
218370374
727664951
817328523
395160706
414726210
148123546
258214599
995133796
651880987
531561024
155440152
881564811
270886572
238065639
788769306
643367780
774799801
221905849
344777277
990187215
977382915
707905883
427442747
565352536
347938184
922040680
853797327
41400758
295812562
349015048
908871539
282558569
198096684
116502461
728887365
200668734
644435400
432077108
994023901
246422577
815144995
175659391
14473037
936785229
756679263
391534811
68963204
143742762
147816275
73532553
543689863
534251765
719769056
332877115
705407315
846705096
406893667
108023311
540284745
669945857
275641051
674252704
429568219
169601943
219365759
633637200
304474549
627371778
322923827
697814553
865556408
493619375
152014385
383855048
643496164
257027438
719691343
493625419
41792156
512752347
73356008
496017906
230131575
231437176
104926750
187820434
760935038
220965561
700502111
466379502
28174625
100082723
826191225
467857210
883938454
375635445
356935317
836762852
461925248
46470825
493899706
470649528
680608094
3269953
209460080
244869234
540040737
893150089
309794311
356781503
836606899
559033999
797843546
850381886
241980623
410324162
509369375
313912331
356042392
597050208
547969913
245661825
618682883
77623856
740666132
499710919
60029477
333360600
929797632
270170552
609944070
506756870
886892874
781823808
96859206
543048605
11906920
276930443
771016403
45236676
476368629
681150076
970931574
334304957
683057965
821894763
419523261
240557301
287880107
553264548
2687189
506819145
827516521
721200720
136000560
985420969
95271751
614960024
997144950
755270404
6443004
250496713
550367003
587537189
909977243
102305945
986445252
828185045
372196050
575542800
27887128
631086817
905625116
651348395
73565441
84785307
996826171
710107296
537553242
647062630
859095944
427213468
602610513
583457649
872842916
227923186
580863621
438525143
896501809
808988864
521678681
719482903
842789641
369919605
309743106
223542668
577733955
245943289
955527326
189542040
448033112
888272148
470909055
841990464
232835290
61159058
836113351
565070651
754932313
182808850
402773514
977104815
635674562
594984338
280759544
658461490
745652286
4212812
666622698
509863466
165730305
155652688
453000239
593541053
28908970
949248273
469520461
908921307
702295352
467038464
913826193
464616109
721566562
814578289
432290071
884376178
786708748
235949698
519192830
634713442
444998533
888421964
971634804
263971590
969610281
30720444
998686532
116704652
587559007
644825760
994918520
309783814
118716552
153331848
406168380
439824534
11285580
134080870
970625981
642549134
22792598
939951547
306599883
66350397
344003968
68771424
235622048
454091980
481017463
746254821
123502123
136885215
827762516
995663621
925272077
292549684
45728734
387304461
795591480
211504497
176017064
340598077
403232638
896533607
807309037
575616269
901850944
861760271
632558616
224636725
173520320
837707890
791123438
843900109
28263592
619613775
152816205
582688903
669193938
97809309
67150864
150758522
372266385
44065618
156747260
434496621
373144349
864452334
307009713
496204816
768715564
554951831
736192899
960350839
220468505
260109674
646087727
774914366
192273032
885959520
191073305
216732912
384360730
451548629
843561648
595035839
806436081
935816101
634172073
228607531
457318138
537881803
969144017
942424076
353354644
979417065
275351665
755921700
255771805
691241230
104678724
284093904
22373219
9364646
927096521
69805394
200398804
370639005
52956702
779565434
42743093
246909498
661146990
152668280
374308730
930413296
726249392
88557293
174537531
308935218
340292140
674364808
592692679
148492141
940604732
729909728
735565799
596627197
8303160
460865992
567096260
112306543
61787435
896021686
630498614
339730165
440577152
835060228
579405315
696681013
53357063
670971265
945430406
55843820
29681438
350896837
413343672
642102433
13315917
32577596
501054775
749914247
823098122
595743312
394799407
236679438
117500095
16276861
326778422
430732476
385860978
236070306
484858935
345326887
517758044
372993926
940903860
428471495
25971134
589176682
725976860
725339639
557340431
919697864
553206810
838422126
720552596
316229784
830402924
21662612
458821077
226968112
114289981
897716370
946451991
574416819
596767730
412060205
710479925
586928536
524418243
489551377
968480214
495716158
563251167
438691087
424491967
82705845
842297044
195124729
741271744
113999769
600399090
612390937
541310656
542664936
437184230
620478829
808645848
15284871
985600488
96171704
106526243
665353723
171165538
929554269
7271062
479174724
15883002
439910469
628783717
6439400
103390378
776085621
643464710
316707991
576641185
385112281
993702786
516014927
463062174
545718143
994511746
203936253
428824410
732317607
903716216
595196640
541527480
989993821
450138003
826140986
562697526
959244340
906324073
498378293
542958857
477262908
936818003
812126871
679500716
65222253
820505636
492137138
570036646
450143967
39632099
784009017
522153638
745507988
793926406
808334980
240169282
562918587
612316788
471030237
832213767
487479132
26169969
727281492
460318499
771314530
182855953
556661536
504748683
170266302
426517907
182667710
325671781
152567762
309395170
754231908
264298334
73330301
672332119
925586615
342552695
192841163
133264390
653273666
529556790
468220048
401181127
893730543
559859991
601243424
25084998
787755044
969718458
559807882
283117920
715519722
784027169
896872081
414668342
302341742
606897242
269799184
562026934
313508998
944705272
934025547
774478653
577863690
101547211
936936266
235984312
598784629
934189044
109095424
366311758
129785058
971109252
678136563
876494397
167986368
650684980
143794163
340351390
941114866
613171148
264186557
622998263
587926623
931530264
738436449
794362158
765305679
897471376
322909942
955041249
236441511
501651065
275056032
596061401
483661257
802771369
151180832
960155468
194446213
608973032
275566217
401441378
632573693
335365447
486866295
581963504
445849887
916577357
801370312
437807627
167592749
167888760
211546681
334551599
826984214
938693762
815104662
14049728
437467698
70381
320173478
866706828
647362793
563163916
840962589
641312557
73518275
694025035
252082572
503976208
651124416
448056297
442724063
586498830
701509860
213855837
359704750
249212742
611334810
802144223
671117462
365067679
143100694
368198535
581399609
836576738
828435200
962805640
397089041
597711542
341333793
227823032
668226044
690280991
401333180
156181761
779790257
851627911
226867796
238038560
363270777
590424751
621646521
801452768
550836501
623549447
657424460
426278076
521664576
125189732
91787567
404794206
334233325
34507234
902231798
708999429
780570415
253449529
340593482
334752723
396693873
580950728
646313422
242312688
572612371
355029529
489747029
824514026
184901763
157574958
236036670
26482781
909464830
826766069
570539923
394145331
335617798
277930496
928090726
313216722
14353013
3458859
201529026
683770994
693639675
284605180
47386374
47274976
208077230
283845087
242650099
610941546
522404796
257663631
643426576
774148314
948040647
464602024
749722433
552614804
133542369
758950172
819150268
28034409
919381378
555535482
516390697
916947877
918492251
756378876
941933925
913863067
568935571
296730087
90411420
493180166
507804625
500197827
933957810
798038400
651115521
240393620
976750334
556589934
283802770
860545512
409658442
130830074
796347821
931699233
973287289
124657878
666705400
514473996
827534777
342072080
923999191
669250066
546632549
534628279
978595306
522645098
306905975
742227886
975643705
725979219
797440325
482928219
544613781
29496974
52549649
919939547
585906421
318818076
973504070
708816831
472360749
959386999
985262533
924496231
129808988
238871344
316438675
559945329
238485847
588630385
890852084
408736691
216768678
69678912
853003575
390012732
387314856
71433649
838627099
883858214
662369597
617755690
129880073
125263439
984168326
611912564
379018952
578174876
533688573
75377187
329691048
198630386
175461610
568315692
682301887
67642946
364754472
562719501
853521173
197070543
357010756
802464590
842767232
165221266
560155499
36732005
597983630
384591032
307909548
292841667
298887577
859270980
648864580
194106818
408279912
355199084
493680633
274416014
849506006
830890934
178301701
495225741
199368403
474424637
320013395
119141275
386048410
76223485
978814622
898019764
335643109
916971896
549525587
491889553
115490313
8417291
67496510
862037954
536492265
887197800
399467329
866909712
444271445
162080346
486692465
741510643
43386475
285713524
387299280
571534651
847604821
285316118
709323255
691264549
901675835
133885633
802363001
571914691
557140506
85865150
976143690
830100233
258206751
815521835
97039461
9957187
460764
974535219
538809688
410011483
323071710
491933111
651748569
489516498
738378731
606487208
501154686
877398094
558082942
447499246
524579677
652295910
349672320
399698886
472755390
374927974
667166488
24937819
177385902
365996335
753995891
134894674
236019419
285303546
799126415
399101863
1205554
888622663
793986141
60612948
205191842
698272922
740071311
858663296
226091931
869941287
691326894
292778100
337208360
781332624
442363720
490140706
663337974
455158349
589101638
378847279
277377978
201338806
32779169
595813266
264269712
535732049
227084902
523523068
454835955
454558834
877478068
14196463
920559552
657816207
621015280
937423518
246234900
443997298
269105456
724577648
18096110
427038183
469205178
507910458
570602825
612133483
171745243
744913208
720845502
616241428
552140127
9868980
44480088
908226812
171206635
364580272
75063655
940032305
672646482
612118154
574927721
208916070
528525279
971211024
357480044
604775365
60995466
232922427
408423358
590823875
76534410
436083060
401436267
192062092
96937748
920548614
530983793
280197002
461497711
660074337
873898851
925960306
764367079
607840350
889827235
495541621
652325535
98635383
202140755
639947117
325492182
564243995
672759616
519539369
179891326
980309712
260571153
214282963
135706099
464809901
979845095
64660312
758419437
2244419
151031480
391941342
707355457
614701813
822784828
717952104
34570549
567687143
73164892
622670999
607404275
878204738
329340235
645065858
799445829
54558947
572857765
642473356
120241303
12075582
774064914
649001856
964262136
498780113
468775877
673236261
317781050
876449793
895645226
81678572
157675298
478524464
397116979
549918221
960004131
685386108
211693495
201569172
642328327
624006484
304283731
884428375
422473957
39166219
332832730
149092075
335960433
949500316
134723589
903659479
724814368
62917597
362400727
961486120
691353753
469447253
44194331
422946770
487878955
3008896
913022846
79041935
792854033
903187717
275225233
557166488
588195433
931632070
665624514
821331575
91137607
98519117
256926367
43227612
726114961
769596074
37971912
834868696
699879869
609856214
309979303
99133489
897352596
8073937
96224730
346445273
192171908
219158536
657773726
282935011
906355985
265188437
490211046
201327835
670870770
76728137
32261494
703802013
714385736
154790105
22187999
851544974
631290792
641241695
364356148
930479046
911262589
167672309
210581549
617055385
304372568
480425667
420668490
162039423
68645715
398920470
237181902
2390542
143956910
705744282
763954720
789073402
42865771
990662146
734683722
5500148
676963262
197279564
967438261
339453930
263293855
930552770
501527659
5856162
664929153
524099240
764165956
544826853
233058025
236766530
966841046
46270425
709135171
193240198
238417900
595102595
620690815
400011429
316587253
324880078
825014271
827543776
170928808
97352910
537105800
153364247
83329862
102184277
977817740
425384477
739084243
596526167
101657809
262576292
517589419
233597233
123493799
911289938
108027729
650131101
909480087
338085698
514634827
459417666
746112674
416265158
782528425
329978140
957506559
955388569
492187532
10340000
444666093
400185356
742066069
853706304
756198672
290807163
551342569
997672366
11054918
352130454
298444068
460867898
626650690
721406931
817990571
333403272
834423716
100997289
360011537
853289606
710353425
125614961
730877123
174060099
581639783
690713828
853563244
587115549
879280962
379870895
945551590
661175045
944192720
801959446
878969012
238723281
242264618
5595380
175810555
617562514
422443976
29485929
365465187
129310329
309956728
641273911
14649029
165128157
174089444
828776318
245328452
6949771
884781593
218998600
654613887
386452074
616906102
598710331
185071237
907004459
170872192
906853548
831352586
879223802
811878370
367160661
371331146
122582188
920181503
472689517
666580718
109500658
783306695
277205761
299079955
158957310
921568811
313791874
734135893
276869614
350226286
151425624
12381734
987149169
652326773
331133208
551447462
453945126
902126203
33000057
229791199
21729954
630271357
784939599
278110908
949392165
941968095
296623467
247438093
959938789
844066074
731768194
922958812
476252788
146202529
334685975
712857481
723367656
477084427
423247738
894849523
599488279
148773922
525765359
919200662
753962003
295965324
942885726
111904604
556125606
711578589
152980145
812507455
477286740
818057766
383761451
906726662
710337790
314505047
433668470
347558338
385036736
88377607
822938607
18854380
101284941
680707768
912960736
71447831
312955863
934347441
792199797
775554585
252483077
72072584
135773723
742754631
795255396
163882985
993943335
632462154
788063516
374501700
139517067
593845156
944082681
493390501
647369983
983557969
896118901
156016698
343749407
815127939
184250497
929448861
542665935
273284609
888210208
624372855
963822843
549214901
751211177
222068155
22214449
753309126
92420237
654344645
296888125
539958256
582893454
465701983
803873795
194475205
498278323
876811756
35305923
328185151
496161071
573689446
326100668
13418824
776569786
910984831
284951343
905738234
259164302
405230388
922724318
291518518
789021855
12391067
320535670
171762868
242489501
856305044
884523464
216607438
5823075
185695593
782707872
839971803
865315
913747218
649695537
489757194
715808660
223338093
566363328
497027899
12045525
276315420
663071404
776552783
551983474
387228884
619757558
165671712
789838336
645710925
727504257
677667798
343801178
287041799
130500591
938118513
302433628
501223732
325744128
793980735
302546964
131158875
710113945
341237615
92380892
393667371
706431240
932937140
639152817
933545045
421727870
843960532
461135190
718969115
114877530
627067649
725392056
67514101
591472275
712343031
520059995
65865660
298468587
178326642
893727631
428138314
109100019
479648666
19947315
999096795
628429452
224677094
986338538
225676472
725126673
499196754
458830857
128503899
276841481
767143368
229584617
200831093
101056270
636437866
229387404
999805260
681732215
486311135
745714136
501873555
759016413
217414612
111246280
891887557
238970635
894199857
345556497
101383188
995731006
256421264
786536056
138559635
882943396
967266434
308528148
467228858
416892147
383014137
713066105
653004881
318741589
167917586
156090838
796022174
464839853
74363692
371732806
389807113
955198984
453037233
800223179
711479930
814667663
642504148
931125906
990781852
760789845
881044940
495547478
890869007
406635036
852144347
359222922
980270713
920384795
117838353
233403755
643029810
420384798
582109940
798315887
779951558
34072187
502488590
106589206
676122654
995508275
490861311
607109768
934195069
380407493
301488253
386213764
650321818
438148603
141420835
356514917
28633982
49833297
649164715
535728916
597547743
871560331
831172211
273587988
729790357
57418310
314572255
164516138
477002903
136916777
886486255
932590860
440410992
343213335
825187248
314489648
568055784
319369036
324223880
253757129
926969512
238723297
589068935
707966010
568675802
494087132
678247018
53345912
115833987
264033380
421555414
812550175
849195758
203668167
839743680
846536311
764491702
634869474
497903464
781172510
834358471
918411167
802289905
515516021
748637396
484466366
892327639
422167199
51981434
249664516
225983035
920332841
168480940
433392803
307583971
247189834
905772077
206034932
950583794
494287220
867895911
596066473
662273919
65198192
531076728
547743779
568396168
934114435
989862212
396563690
647714628
826580821
800296950
777093563
961444652
201602324
688572992
936091970
452228779
35888029
124763110
963370073
526512524
97045201
654618053
480734564
759992771
459370307
696016240
979635305
171539395
660522182
45888855
606676254
530645582
236293097
427063373
356053931
308568911
674091048
127152143
399722541
957203030
849605924
637563058
959470508
149208628
739811589
639232275
353570907
940688616
305578240
33837772
884002609
835595624
914051996
393801831
930194856
185475714
883452629
693605403
659789324
435518630
106691814
688415530
42745229
928607154
53944443
748083660
353340470
680732782
433634614
546549685
117252081
148181025
199705854
203180113
228688086
659910799
434790794
676673141
792005807
684560692
357775041
597247369
655824678
590025288
431877945
940835524
758011836
485782229
612994942
378602088
209153398
418334538
521251912
434802911
409022945
