45728
70381
94133
221150
460764
540830
552278
561899
844287
855010
865315
913990
966344
969906
1205554
1308668
1409532
1555838
1597178
1723390
1839474
1938412
1940550
2043407
2148641
2212266
2223303
2244419
2375702
2390542
2509507
2615332
2687189
2885514
2964803
2971080
3008896
3107544
3163742
3238699
3269953
3300097
3458859
3616806
3671168
4190083
4203498
4212812
4403856
4500354
4509221
4586699
4634592
4651456
4680772
4703821
4818349
4834998
5013391
5025679
5115412
5242973
5500148
5595380
5639722
5642325
5800443
5823075
5856162
5909308
6016392
6062797
6416114
6422687
6439400
6443004
6738764
6949771
7221043
7225930
7271062
7563952
7572875
7704010
7878116
7949974
8042749
8073937
8132589
8190912
8222271
8253585
8303160
8386190
8417291
8418874
8464011
8578292
9013136
9123963
9315658
9364646
9451320
9460750
9550222
9657148
9667795
9672677
9868980
9879637
9957187
10002273
10051069
10177500
10188729
10313474
10340000
10483422
10594419
10667357
10882601
11019030
11054918
11086109
11285580
11451732
11477251
11749645
11787536
11906920
11992183
12045525
12075582
12233063
12289593
12344610
12381734
12391067
12591974
12651696
12776600
12990959
12992552
13290600
13315917
13418824
13450534
13616308
13721441
13980541
14049728
14116421
14196463
14294757
14301980
14353013
14374960
14424939
14473037
14649029
14693444
14698838
14743603
14944688
15163688
15284871
15641775
15692365
15833771
15883002
15997844
16212032
16276861
16547486
16621549
16697375
16745082
16970589
16986821
17124128
17138418
17149634
17150119
17180480
17286010
17394865
17401722
17404964
17454873
17513545
17651050
17732258
17853479
18010965
18032159
18064372
18096110
18322067
18401485
18437493
18705092
18706294
18760243
18820375
18854380
18868160
18941781
19057893
19360772
19497760
19504001
19595576
19599627
19617596
19635767
19682728
19710628
19711342
19947315
19991559
20051781
20107530
20337084
20376419
20420977
20443672
20610048
20656173
21122637
21346488
21449975
21466463
21480339
21510825
21599229
21662612
21729954
21923655
22085656
22187999
22207194
22214449
22279497
22373219
22537262
22610975
22792598
22934788
23140460
23400016
23552697
24181373
24258625
24283745
24307665
24392618
24399215
24472658
24550998
24606512
24702182
24820275
24910389
24937819
25026332
25079950
25084998
25233956
25351855
25421562
25561500
25592594
25734614
25739551
25754916
25921660
25971134
26169969
26482781
26511695
26518742
27398926
27417993
27620606
27659400
27745875
27887128
27921168
28034409
28174625
28263592
28314098
28365911
28633982
28640416
28656222
28730538
28908970
28978912
29125661
29159334
29167798
29191300
29327104
29477687
29485929
29496974
29680060
29681438
29873707
30044962
30131228
30343325
30474160
30518755
30716245
30720444
30884350
30886017
30893574
30913491
30938263
30957785
30961545
31472825
31518363
31739654
31812578
31846575
31926121
31952663
31986633
32261494
32287318
32434127
32447425
32496857
32577596
32691039
32714065
32720622
32779169
32843153
32879425
32880999
33000057
33019422
33152524
33415006
33465524
33837772
33944209
33944943
34021123
34072187
34361839
34453307
34507234
34570549
34649266
34655682
35020612
35170772
35191877
35218714
35305923
35324177
35353953
35568150
35737822
35888029
35975250
36409666
36732005
36797964
36882064
36897205
36904341
36983121
37012825
37043808
37064226
37065799
37076770
37157079
37293471
37325732
37470696
37485264
37769351
37816643
37875386
37888270
37971912
38173524
38227850
38286009
38498248
38501108
38603342
38745126
38782204
38844851
38852020
39019329
39166219
39357238
39574036
39632099
39643235
39766190
39868641
40378299
40460606
40475317
40907749
40912959
40920675
41036017
41068433
41124505
41134486
41153660
41205869
41235091
41243883
41249420
41257440
41400758
41689090
41703441
41758027
41792156
41863249
41984286
42156880
42440917
42507140
42600715
42743093
42745229
42774011
42796774
42834093
42860205
42865771
42896397
43227612
43299798
43386475
43677768
43928831
44065618
44194331
44240254
44416609
44480088
44570947
44607403
44799520
44804953
44902265
44922688
44973085
45133780
45236676
45382410
45728734
45888855
46031447
46121103
46166161
46270425
46456500
46470825
46753028
46892475
47032965
47215768
47274976
47386374
47505955
47552192
47589175
47780482
47838038
48102285
48105768
48140065
48753786
48850022
48861295
48884048
49053891
49109755
49290403
49499555
49575698
49666481
49773933
49833297
49871310
49915963
50215948
50463567
50473181
50499237
50533254
50562415
50726034
50816870
50853055
50919406
50929113
50953946
50974680
50978321
51575627
51711660
51718697
51981434
52297731
52549649
52669095
52873531
52956702
53123913
53345912
53357063
53944443
53963274
54012523
54147215
54313011
54406425
54549093
54558947
54564121
54804635
54937582
55097663
55176307
55614183
55843820
56171866
56191226
56407259
56483314
56543737
56757092
56883394
56940190
57235034
57318371
57418310
57823937
58061464
58291068
58312505
58422855
58512638
58717356
59044103
59071474
59133845
59209191
59586345
59694718
59755348
59829889
60029477
60222178
60234829
60382058
60441964
60492671
60610364
60612948
60767220
60909673
60995466
61044293
61159058
61180448
61206661
61255217
61308145
61391286
61731149
61745452
61769251
61787435
61792610
61830458
62022195
62150998
62368691
62393559
62487738
62640575
62652758
62811710
62917597
63920941
64052599
64150357
64228460
64660312
64697106
64776071
64947793
64982817
64992956
65168830
65198192
65222253
65335173
65483671
65517122
65532883
65591414
65627274
65673800
65701306
65802099
65865660
65932871
65933784
66032602
66249081
66258309
66350397
66551279
66554274
66630421
67049006
67131294
67150864
67353674
67372249
67389385
67496510
67514101
67642946
67682499
67692934
67723507
67752931
67856885
67996035
67996821
68020512
68294396
68367953
68396117
68487032
68645715
68771424
68842161
68845489
68850168
68890506
68931312
68963204
69182300
69199418
69207619
69220912
69359232
69381195
69381329
69568304
69591223
69671194
69678912
69691219
69805394
69874555
70231002
70438648
70457110
70463648
70521770
70537794
70580134
70595933
70748953
70834446
70995469
71060439
71133440
71272379
71377864
71433649
71447831
71510813
71596594
71610350
71686888
71687392
71775294
71854567
71866210
71923805
71942417
72003832
72072584
72098815
72300993
72364042
72378988
72468869
72519258
72802799
72991098
73040656
73053759
73082893
73088584
73164892
73330301
73356008
73374436
73518275
73532553
73565441
73579544
73591219
73731826
73883446
74034779
74134255
74138520
74343237
74363692
74586735
74721115
74733463
74916935
75025930
75055101
75063655
75120180
75268153
75377187
75679951
75683656
75900749
76017290
76190212
76223485
76305667
76472700
76493075
76524901
76534410
76728137
77241407
77362870
77421588
77515578
77554399
77610896
77623856
77660673
77669155
77736385
77804838
77917958
78034298
78042385
78489780
78496137
78504489
78983680
79041935
79104004
79283418
79353105
79405219
79429826
79658005
79804758
80329638
80391017
80401626
80487272
80556015
80646521
80887577
80913757
80919643
80988649
80997729
81120539
81313523
81455655
81552116
81678572
81721260
81798019
81801821
81933076
82008495
82080330
82098711
82125187
82160334
82229152
82259439
82421490
82450164
82540049
82618275
82679055
82692489
82705845
82706427
83030463
83135480
83139400
83192471
83220279
83258885
83272196
83329862
83638814
84003820
84153513
84329824
84392433
84548382
84558116
84668408
84729397
84734869
84785307
84944954
85013337
85157049
85361756
85365976
85443849
85668695
85678858
85714931
85865150
85870810
85990601
86063358
86063517
86123473
86307486
86312202
86564558
86650587
86754269
86907291
86997904
87003676
87035312
87098360
87197739
87216161
87228378
87334104
87459207
87730266
87781118
87836612
88106546
88150148
88295069
88356946
88367661
88377607
88400077
88557293
88593817
88719299
88742850
88771369
88816986
88847866
88967312
88998525
89021741
89044782
89152821
89324228
89359351
89408625
89421502
89476713
89545331
89569411
89646016
89651206
90032187
90124631
90148442
90157305
90174605
90217956
90319282
90319466
90411420
90711790
91048770
91137607
91254939
91503374
91595443
91688226
91787567
91805898
91849180
91964504
92182710
92293020
92295820
92380892
92420237
92520258
92899199
92926960
92941550
92951594
92961348
93031206
93115725
93149850
93177464
93318170
93410520
93419617
93447912
93462526
93534061
93587679
93605717
93672595
93698804
93731001
93864329
93899796
93934094
93940368
94012885
94016198
94276192
94308341
94547153
94731670
94793778
94819725
95023742
95167447
95172450
95271751
95461032
95841090
96061282
96079293
96171704
96216385
96224730
96255085
96755426
96859206
96937748
96982708
97039461
97045201
97078611
97326154
97352910
97397906
97418356
97453099
97623417
97662886
97809309
98020395
98261244
98377789
98516922
98519117
98588246
98635383
98671333
98750939
98759131
98816240
98932268
99003889
99062228
99133489
99207370
99245065
99314490
99317942
99453812
99476213
99496104
99708832
99769372
99881709
100027851
100034036
100082723
100185495
100505545
100665756
100799831
100934869
100997289
101056270
101221959
101284941
101383188
101547211
101657809
101678967
102052603
102184277
102305945
102342646
102363299
102522093
103024350
103028191
103054649
103137231
103137711
103162686
103278397
103317042
103390378
103418996
103472962
103492811
104335585
104616144
104617101
104634382
104635720
104675564
104678724
104697137
104926750
105223899
105450306
105767176
105999414
106026082
106043732
106174928
106526243
106589206
106627476
106691814
106815478
106842397
106857453
106864866
106977122
107009665
107044216
107322252
107528011
107829132
107843912
107850958
107925826
108023311
108027729
108131345
108178124
108349201
108362662
108372262
108885997
108917653
108979211
109095424
109100019
109328969
109347717
109449803
109500658
109685395
109766020
109873983
110066051
110073544
110221474
110223630
110410398
110468757
110513059
110668827
110803690
110891557
110961303
111046012
111149440
111214892
111246280
111317438
111454892
111716159
111904604
111975222
112195665
112277506
112306543
112310017
112317532
112373843
112522444
112551102
112750310
112756454
112862281
112936625
113049980
113057933
113188171
113193265
113450060
113460581
113477399
113546919
113874332
113924870
113971400
113999769
114092021
114157827
114175597
114289981
114398022
114549560
114646711
114798342
114877530
114889623
114899006
115036076
115109847
115169565
115192237
115253109
115330133
115365340
115401978
115490313
115618970
115744088
115790788
115801486
115833987
116105220
116308990
116321882
116470440
116502461
116527856
116660365
116704652
116772871
116778692
116865494
117007841
117043492
117252081
117306069
117500095
117596170
117838353
118006053
118294861
118341268
118375589
118416980
118467841
118716552
118819915
118850867
118943234
118989572
119001871
119013730
119069643
119141275
119148509
119168645
119325390
119382057
119633799
119722174
119761880
120241303
120479048
120584781
120696664
121183026
121233056
121424469
121469213
121580373
121600078
122004011
122112899
122186211
122440394
122582188
122586709
122687581
122747238
122923067
122923690
122924861
122946143
123034739
123165274
123175517
123229263
123250792
123266466
123493799
123502123
123610249
123731651
123770111
123920902
124130404
124174629
124185661
124286890
124376915
124460277
124657878
124679760
124681976
124715757
124735408
124763110
124856424
124862266
124924611
124967823
125008470
125020578
125189732
125263439
125293525
125301598
125366738
125473795
125509588
125614961
125773119
125792649
125810486
125831392
125856225
125972673
126211220
126283560
126301204
126443233
126446737
126468543
127117673
127152143
127183496
127297953
127473876
127741168
127921435
128058533
128245028
128366824
128503899
128528839
128603088
128645308
128936650
128949979
129004655
129310329
129438830
129472621
129480490
129556316
129677276
129680495
129719006
129776534
129785058
129808988
129856391
129880073
129917060
129969543
129982805
130122833
130125986
130212336
130500591
130539484
130830074
131158875
131262314
131348005
131479834
131490542
131745012
131794572
131803748
131826082
132103298
132128042
132172000
132188677
132189328
132195014
132211298
132255901
132774756
132925806
133074174
133112737
133264390
133338773
133444197
133482721
133542369
133638354
133704415
133885633
133922820
134080870
134196861
134278140
134287367
134373387
134511161
134716491
134723589
134894674
134947367
135207542
135222970
135349354
135356987
135429841
135706099
135713160
135716970
135725402
135768077
135773723
135994748
136000560
136073655
136153033
136171992
136369693
136462870
136547543
136556270
136594392
136760786
136857549
136885215
136916777
136946733
137129216
137361141
137579150
137875047
137906404
138112540
138118752
138126730
138131760
138304650
138559635
138707726
139088715
139407608
139514528
139517067
139524126
139723772
139909141
140122729
140173343
140712300
140779045
140896072
141072425
141222814
141420835
141644881
141938657
141964812
142202047
142387166
142398093
142486853
142558023
142611220
142629772
142659881
142663292
143010150
143067129
143086605
143100694
143242898
143328890
143509557
143670505
143742762
143755355
143757433
143776057
143794163
143865262
143931764
143943731
143947158
143956910
144161447
144175957
144306183
144354287
144475302
144584461
144735883
144878717
144908289
145256496
145310528
145644893
145917184
146148316
146202529
146521710
146574489
146675748
146700028
147241920
147531027
147816275
147853950
147866782
148123546
148128303
148159672
148181025
148194222
148212139
148237881
148492141
148604587
148605304
148657450
148748641
148773345
148773922
148882215
148918291
148955903
149092075
149095781
149208628
149394209
149464646
149514846
149575415
149723380
149784075
149791348
149932420
149950992
150096300
150148833
150313049
150390215
150416194
150456540
150503495
150702312
150758522
150769646
150916381
151031480
151180832
151184216
151241283
151315639
151425624
151477895
151531178
151533035
151538979
151636040
151738008
151854994
151942805
152014385
152032687
152132103
152280474
152386689
152417430
152450087
152567762
152668280
152719694
152798865
152816205
152894241
152920408
152980145
153260810
153331848
153364247
153381585
153423634
153489679
153506088
153540667
153585515
153778282
154060799
154152427
154448807
154489538
154505700
154615751
154790105
154829028
154955260
155011482
155189942
155202355
155222625
155250172
155273200
155417496
155440152
155506222
155652688
155670671
155696378
155819463
155820662
155885029
155987072
156016698
156090838
156181761
156317565
156686378
156708851
156724344
156747260
156879829
156939197
157243973
157369232
157430567
157494638
157574958
157587594
157594266
157639658
157675298
157877137
158149479
158182547
158359036
158529335
158553783
158580655
158659142
158661501
158746718
158770353
158881428
158957310
159148753
159209210
159367299
159424006
159683766
159782572
159918195
160139526
160161638
160179927
160200882
160278400
160324960
160666226
160688666
160726982
161169761
161245433
161436572
161515086
161620079
161886705
161888777
161986639
161999409
162039423
162080346
162137012
162450720
162527913
162577680
162587930
162653455
162838889
162938804
163178361
163226663
163450073
163637131
163771314
163875857
163882985
163993994
164051603
164223295
164231386
164306824
164307858
164432672
164516138
164544780
164545181
164578975
164757771
164906330
164955555
164988257
165015480
165128157
165219738
165221266
165239719
165658282
165671712
165730305
165799301
165848788
166080872
166125304
166312474
166864806
166969766
167016711
167021649
167053476
167224558
167592749
167672309
167673419
167689957
167888760
167917586
167986368
168062118
168145163
168239265
168337798
168480940
168519086
168694143
168896380
168910675
169064052
169115417
169135557
169228508
169601943
169878547
169958427
170193428
170250326
170253563
170266302
170278568
170433767
170531354
170617174
170659492
170726860
170872192
170901876
170928808
170980751
171143103
171165538
171206635
171218514
171257938
171536610
171539395
171587077
171602152
171715082
171745243
171762868
171835600
171863377
171936089
172005429
172011611
172110631
172225563
172248292
172389802
172440955
172449145
172636530
172661194
172737469
172831048
172848689
172901499
172946680
172962125
173040178
173071486
173161917
173355750
173419356
173471078
173520320
173584987
173787000
173936379
174046050
174060099
174060783
174063714
174089444
174199829
174268672
174427765
174537531
174573758
174764537
174828228
175009317
175067151
175307217
175330717
175409856
175461610
175466108
175659391
175700028
175810555
175863456
175978988
176017064
176166076
176246746
176733197
176868787
176889331
176895607
177009098
177037592
177070215
177162471
177385902
177780234
177920092
177947774
178039312
178060042
178256912
178301701
178326642
178421217
178473363
178612796
178741308
178861975
179193180
179414758
179493789
179553192
179752850
179784113
179832789
179891326
179996731
180162030
180237646
180521901
180567066
180701219
180955290
180999959
181103116
181258710
181331781
181502314
181586125
181889847
182159330
182198836
182214425
182279431
182403796
182664221
182667710
182808850
182855953
182957627
182985480
183101209
183139295
183282810
183285021
183332354
183447990
183722857
183773910
183920013
183987781
183988586
184153339
184250497
184291883
184348717
184611992
184634441
184749801
184796797
184862451
184901763
185071237
185233952
185264387
185273087
185302262
185345723
185475714
185650677
185661615
185695593
185901511
185951237
186017645
186071054
186207231
186263570
186748833
186756727
186789517
186845807
186849581
186876975
186933809
187109511
187135899
187296199
187305459
187368721
187396068
187398729
187478288
187496411
187653327
187692797
187779391
187820434
187973726
188006811
188158928
188209084
189011615
189050588
189166525
189258507
189306499
189344714
189456166
189525012
189542040
189700732
189752121
190066970
190145278
190498488
190786324
191025001
191073305
191144828
191331821
191497003
191524397
191566597
191582415
191814614
191817348
191903111
191935359
191961258
192055050
192062092
192171908
192187734
192189894
192273032
192378119
192460580
192497592
192536279
192670581
192672614
192841163
192934251
192939115
192971026
192997137
193023308
193031433
193049245
193215161
193240198
193278956
193301962
193611473
193734554
193756245
193845889
194012206
194106818
194127737
194191979
194196234
194226009
194350772
194357633
194446213
194475205
194494521
194540649
194735320
195009811
195010146
195080549
195124729
195180610
195274461
195283172
195364810
195492050
195648705
195648904
196007362
196074343
196142223
196290754
196433546
196696372
196734765
196747933
196829844
196876084
196906992
197066296
197070543
197128480
197279564
197315549
197520952
197759115
197873708
198096684
198126509
198368543
198392463
198401182
198420043
198480462
198500132
198630386
198771177
198790034
198827985
198903773
198966784
198989465
199129568
199162582
199180646
199311693
199315057
199368403
199424031
199483462
199506214
199670239
199705854
199839620
199922913
199993048
200077948
200308311
200368148
200398804
200663705
200668734
200710374
200831093
200915190
200988124
201142721
201302664
201327835
201338806
201425516
201485127
201529026
201569172
201602324
201751818
201877341
201940804
201979730
201993987
202031103
202140755
202144969
202329217
202432385
202521468
202529013
202566457
202697198
202703705
202883618
202968540
203036062
203052131
203180113
203326528
203326816
203461214
203668167
203686004
203719635
203749903
203858031
203933733
203936253
204132200
204140496
204309357
204494125
204664690
204686166
204828083
204831205
205048874
205068571
205191842
205495156
205632674
205697603
206034932
206074507
206136761
206191246
206362704
206408829
206433059
206704247
206717091
206783456
206946713
207399012
207400096
207437438
207492555
207543075
207707323
207920377
207922440
208007913
208077230
208087869
208095420
208190969
208383444
208464259
208674374
208677709
208916070
208972660
209106240
209153398
209335611
209460080
209547592
209714705
209789493
209802066
209859686
210052554
210198024
210284904
210546690
210581549
210625172
210774483
211037073
211071418
211149972
211245043
211378922
211483422
211504497
211546681
211584791
211693495
211853698
212019109
212211365
212627182
212852673
212902948
213020759
213241638
213768644
213855837
213880853
213904417
214062273
214218280
214282963
214288986
214355685
214412829
214574614
214707853
214720914
214771538
214856889
214929214
214961242
215231442
215270898
215443863
215543856
215878209
216039341
216338916
216607438
216648441
216732912
216744518
216768678
216807931
216818458
216886607
216962835
217068613
217380419
217414612
217418459
217462227
217866195
217925290
218277120
218347606
218370374
218447277
218478220
218670326
218755434
218787170
218807970
218998600
219127162
219158536
219189853
219273555
219323289
219334630
219349738
219365759
219523277
219783540
219837200
220033556
220239263
220258965
220319891
220323921
220468505
220476525
220581838
220606075
220774739
220903360
220965561
221064081
221214919
221287676
221330258
221360563
221586678
221741569
221788981
221905849
221952025
222064459
222068155
222563620
222676188
222687845
223092522
223101963
223160553
223183099
223184024
223217246
223322184
223338093
223349717
223355842
223430795
223542668
223612974
223831362
223832127
223832356
223854441
223943582
224036089
224090432
224266300
224340132
224631671
224636725
224677094
225016987
225178457
225496437
225510306
225643105
225676472
225867149
225955350
225983035
226091931
226258378
226283723
226454301
226663521
226767462
226767956
226867796
226929303
226968112
227084902
227234575
227275052
227337472
227823032
227923186
227948259
227998784
228017619
228033824
228039323
228044850
228159259
228212677
228334658
228547412
228607531
228645660
228687960
228688086
228763229
228816954
228824322
228905063
229008482
229060109
229160719
229162725
229166670
229276177
229387404
229506531
229584617
229683959
229791199
229887942
229924738
229962435
229982862
230131575
230219634
230399340
230441547
230495526
230561140
230682884
230722931
230870768
231069403
231164533
231243971
231437176
231598810
231626088
231634564
231720793
231824327
231854400
232794593
232835290
232906375
232922427
232955145
232971172
233035376
233057156
233058025
233065569
233083886
233248279
233264893
233311201
233321727
233325259
233403755
233442023
233524982
233538766
233597233
233695822
233755200
233760465
233959947
234019163
234071165
234497382
234807136
234964240
235093541
235418108
235573879
235622048
235669394
235772442
235787039
235949698
235984312
236019419
236036670
236070306
236293097
236300620
236373404
236441511
236679438
236766530
236839954
237002501
237074752
237152184
237181902
237337697
237361457
237744291
238038560
238065639
238417900
238485591
238485847
238589237
238705316
238723281
238723297
238731789
238768407
238871344
238970635
239375503
239403401
239418431
239473488
239643315
239814828
239911276
239950890
239974009
239984482
240104232
240109931
240153865
240169282
240220474
240393620
240437731
240557301
240601167
240705057
240772460
240819748
240969461
241243525
241254253
241536890
241691034
241783027
241980623
242047782
242122846
242150468
242251458
242264618
242312688
242379607
242489501
242547355
242650099
242662524
242746775
242784314
242901322
243039406
243089084
243097986
243803163
243818110
243824985
244026585
244096004
244119803
244270080
244334932
244734180
244770973
244869234
244950911
245156199
245245951
245290633
245326112
245328452
245422263
245658349
245661825
245874776
245943289
246046407
246094163
246194299
246198278
246234900
246313452
246381400
246397226
246422577
246556693
246595056
246618764
246738733
246886051
246909498
247189834
247384842
247438093
247491093
247514725
247663135
247802307
247850280
248049444
248063864
248135078
248227169
248271965
248510952
248589159
248778027
248821325
248926136
249057180
249212742
249234950
249264803
249569815
249664516
249834113
249857381
250093343
250150086
250166155
250320354
250324085
250362009
250479009
250496713
250784660
250845168
250875627
250934718
251053427
251135374
251139218
251189503
251770572
251787539
251807408
251839264
252024592
252026324
252082572
252117456
252314894
252330408
252390841
252465374
252483077
252537798
252803000
252942651
253247875
253311090
253449529
253457138
253629957
253717176
253757129
253840418
253896700
254333477
254399291
254746827
254788618
254835363
254921933
254984498
255374309
255463844
255729936
255771805
256034383
256036902
256055973
256065418
256129348
256145850
256170396
256290599
256421264
256494006
256635400
256719259
256926367
257027438
257531776
257537312
257663631
257679357
258206751
258214599
258215445
258249858
258284289
258328448
258367799
258405180
258936690
259074971
259164302
259258184
259306828
259645464
259876768
259964436
260043045
260077937
260109674
260111632
260210225
260337671
260348521
260545047
260571153
260625923
260664491
260737400
261172487
261343597
261718914
261780748
262336808
262351463
262576292
262664746
262828963
262892231
262946200
263083067
263126131
263126721
263293855
263335157
263402138
263411514
263441561
263633123
263731259
263742492
263759515
263822566
263971590
264033380
264186557
264237258
264269712
264282293
264298334
264358152
264639952
264758883
264870048
264975226
265066984
265172678
265188437
265336546
265346412
265542407
265668773
266001415
266026273
266032635
266172547
266279577
266311267
266550895
266803043
266889398
266991116
267088649
267630135
267667508
267841420
268215615
268238821
268348102
268502822
268664703
268667184
268741521
268903883
268963144
269105456
269271275
269347203
269372667
269450902
269624050
269638063
269799184
269801528
269833388
269982911
269987863
270170552
270226667
270241982
270300115
270304745
270359264
270463121
270539966
270886572
271073897
271326557
271536370
271694696
271812384
271933175
272355358
272369491
272432896
272487708
272537546
272634878
272696953
272740792
272773590
272935339
273001579
273080169
273125761
273140962
273216047
273284609
273364595
273518299
273564614
273587988
273639668
273671123
273787475
273915164
273917316
273964053
274069457
274123464
274330566
274349374
274389106
274416014
274472462
274573005
274625356
274678059
274861547
275040046
275056032
275225233
275347806
275351665
275413416
275566217
275602444
275641051
275654465
275785915
275813257
276315420
276680031
276719644
276841481
276869614
276930443
277081585
277205761
277377978
277465123
277643204
277742382
277916349
277930496
278080998
278110908
278158531
278181584
278513494
278542590
278550992
278615658
278777313
278944035
278999151
279064629
279188832
279725118
279731869
279761957
280008755
280122831
280197002
280201342
280261471
280475402
280733728
280759544
281038730
281387299
282069896
282270510
282404911
282558569
282612467
282935011
282975597
282985306
283110748
283117920
283206889
283415952
283802770
283843742
283845087
283935304
284036567
284093904
284157267
284280259
284298646
284537950
284570270
284605180
284944403
284951343
285010534
285302470
285303546
285316118
285571900
285648571
285678898
285713524
285810006
286035149
286105063
286171934
286192182
286202427
286269354
286338966
286361976
286363609
286526154
286576824
286594343
286598804
286718740
286858067
287041799
287179605
287293442
287371054
287485084
287670932
287687526
287849541
287880107
288015224
288265846
288432894
288495751
288891181
288892112
288916488
289044654
289554722
289602562
289632747
289885929
289951364
289967553
290035764
290150400
290252634
290300893
290543535
290574601
290691331
290736143
290807163
290812254
290943635
291154118
291175697
291293635
291324559
291518518
291681958
291797056
291935116
291968197
291999711
292068286
292072848
292233756
292436965
292477211
292502603
292549684
292564227
292621913
292768837
292778100
292841667
292864354
292893536
292949655
293004562
293255700
293269265
293787763
293832466
294057034
294196385
294240125
294279451
294564359
294814074
294844506
294885945
294965849
294980076
295008914
295021211
295256644
295266795
295314280
295392053
295767880
295812562
295845220
295870701
295965324
296037581
296091922
296168643
296491641
296503990
296623467
296730087
296812127
296888125
296918778
297014666
297033181
297109309
297234900
297257398
297407160
297439707
297442243
297552221
297868373
297948615
298013013
298292689
298426316
298444068
298468587
298599259
298743152
298846107
298853295
298887577
298998377
299079955
299661159
299756295
299917460
300009152
300041089
300048078
300078016
300096656
300233100
300254030
300264656
300469266
300659878
300706732
300827072
301180536
301279401
301326933
301391900
301447048
301488253
301642228
302021668
302096044
302341742
302433628
302479733
302497202
302503699
302546964
302860087
302932951
303135023
303176764
303289431
303324820
303503951
303622136
303701101
304120743
304231162
304283731
304372568
304461661
304474549
304475804
304638040
304732046
304989366
305001824
305024953
305032574
305303773
305510426
305578240
305811090
306039467
306066569
306328989
306400335
306407784
306534197
306565828
306599883
306659864
306905975
306996314
307009713
307021939
307266424
307342575
307396058
307546817
307583971
307590098
307630472
307909548
307971693
308039769
308263559
308310495
308322121
308528059
308528148
308534336
308548823
308568911
308571040
308590842
308691560
308935218
308973009
309249391
309338249
309352967
309395170
309558312
309743106
309747234
309783814
309794311
309886172
309956728
309979303
310014789
310038815
310069625
310228657
310264635
310386919
310481956
310488881
310597990
310654079
310824699
310891584
311042403
311048616
311165895
311239472
311247292
311293981
311733051
311758537
311761593
311954808
311985922
312066239
312177519
312491342
312517151
312891483
312938269
312955863
313022474
313106396
313106886
313162754
313216722
313508998
313517849
313614239
313791874
313912331
313931961
313968134
314180447
314353637
314414095
314489648
314505047
314572255
314601813
314765488
314973641
315076585
315078761
315437883
315522200
315687316
315760363
315984020
316049515
316107128
316181327
316229784
316263039
316283814
316350215
316438675
316587253
316626035
316653787
316661865
316707991
316798275
316871873
316912669
316986062
317044341
317065997
317252067
317340229
317459800
317477446
317597049
317781050
317790972
317951406
318097187
318181700
318421090
318421426
318430010
318541821
318660995
318690522
318737526
318741589
318793338
318810658
318818076
318865334
318923314
318942497
318943281
318990531
318994615
319054958
319070649
319113200
319159490
319369036
319641058
319960136
320013395
320027763
320044675
320173478
320204285
320305599
320323952
320330127
320332479
320517503
320533908
320535670
320581625
320667888
320669513
320719787
320725792
321095307
321342018
321380350
321440154
321489065
321814563
321911660
322174226
322279996
322294078
322450028
322491603
322574864
322620980
322739078
322805937
322905215
322909942
322923827
322928201
322948325
323039126
323050922
323071710
323151378
323179103
323215839
323305456
323353868
323476099
323504886
323823267
323870776
323916204
324013362
324031945
324105285
324223880
324295493
324310774
324488372
324595879
324689926
324763042
324842089
324880078
325192016
325250415
325378081
325415720
325492182
325671781
325744128
325787717
325867766
326016026
326071499
326100668
326105079
326145422
326778422
326842882
326844480
326917469
327066650
327079620
327133052
327380592
327464929
327486107
327541436
327633458
327755941
327871904
327902172
328008672
328025715
328049141
328106520
328185151
328306985
328361172
328362454
328437215
328618611
328628785
328634330
328863852
328895177
329141759
329320966
329326816
329340235
329486026
329504522
329557419
329691048
329770156
329832769
329833918
329978140
330449980
330500916
330593401
330683609
330716076
330846573
330989906
331133208
331303798
331661486
331721615
331791349
331811507
331850676
332010454
332151644
332205312
332475179
332632727
332771178
332800617
332831806
332832730
332877115
332939504
332951967
332963286
333209841
333242061
333315841
333360600
333368322
333403272
333544349
333573419
333620271
333749916
333969968
334019494
334049813
334233325
334253920
334293520
334304957
334305835
334388402
334434583
334551599
334588060
334602362
334640249
334648002
334685975
334707038
334752723
334754104
334763585
334805811
334818205
334940140
334940160
334972122
335041774
335216056
335222624
335365447
335502660
335570012
335609695
335617798
335643109
335711766
335960433
335973673
336048402
336145568
336611953
336679635
336723404
336912552
337201902
337208360
337217806
337327830
337397659
337470718
337705987
337742170
337972415
338085698
338125801
338136568
338141434
338231132
338293571
338358027
338460508
338520535
338538189
338543281
338770802
338949469
339013575
339065344
339071067
339187741
339197907
339376026
339453930
339517910
339536908
339585047
339664003
339712524
339730165
339748273
339800797
339875375
339906203
339953053
340260671
340292140
340295919
340336831
340351390
340482379
340553136
340570905
340588395
340593482
340598077
340805085
340812969
341020899
341061470
341154352
341237615
341258613
341333793
341446876
341525907
341627622
341862311
342072080
342081657
342299066
342512392
342521313
342552695
342600967
342829403
342830784
343213335
343341085
343380781
343388631
343684131
343749407
343801178
343992635
344003968
344072302
344189633
344284300
344374476
344575774
344777277
345067888
345207549
345265682
345326887
345371035
345467828
345513413
345556497
345633375
345760101
345783867
345840656
345995781
346324017
346326736
346445273
346520843
346557628
346759793
346824560
347235732
347294764
347380837
347395961
347495307
347558338
347704688
347718315
347731257
347876991
347912067
347938184
347965891
348052500
348060310
348226678
348245142
348405931
348469865
348470815
348480066
348733534
348955133
349015048
349028337
349108354
349432818
349672320
349702561
349714707
350226286
350293118
350383684
350453127
350461654
350478961
350548335
350598225
350664491
350692914
350767365
350768781
350828288
350896837
350952095
350952503
351089596
351090913
351217265
351265065
351291922
351533579
351663323
351683704
351848817
352130454
352433323
352550058
352554572
352706107
352981969
353084028
353152175
353261415
353335612
353340470
353354644
353386505
353403658
353435557
353547727
353570907
353627957
353666309
353681799
353710222
353741328
353821254
353870498
354276407
354336762
354362809
354595635
354595810
355029529
355039159
355078619
355100360
355189003
355199084
355298237
355452009
355591702
355635610
355962439
356042392
356053931
356109969
356151991
356355706
356367972
356514917
356570377
356669083
356696339
356715525
356781503
356857528
356862798
356935317
356955445
356962500
357010756
357123151
357262905
357346501
357401910
357480044
357775041
358185760
358313533
358375955
358387662
358422032
358594826
358598232
358618777
358753896
358918130
358957030
359085441
359105856
359222922
359236264
359317121
359352006
359464063
359481472
359608078
359704750
359711405
359868455
360011537
360110156
360144429
360214145
360241797
360352272
360430577
360507297
360779389
360905112
361031973
361176946
361251352
361484449
361698640
361988515
361989586
362098548
362138201
362235180
362281108
362400727
362442548
362445289
362447069
362606367
362696614
362845213
362855472
362914637
362934286
363102480
363270777
363529985
363697432
363876660
364356148
364487094
364499755
364503181
364580272
364754472
365067679
365348445
365377046
365465187
365468934
365596907
365680765
365760372
365899981
365957059
365966787
365967869
365968146
365996335
366044063
366224688
366311758
366403695
366411423
366413280
366736211
366778381
366922205
367143208
367160661
367300166
367394892
367689853
367692700
367809457
367811444
367854534
367984269
367987745
368198535
368249285
368309035
368405913
368719999
368986652
369105940
369134843
369152071
369233953
369237372
369268045
369316414
369378779
369486370
369521599
369697864
369721860
369919605
369975398
370016355
370124668
370195827
370302753
370479852
370639005
370666267
370807448
371048317
371057132
371066375
371331146
371489432
371589666
371671974
371732806
372037393
372092736
372151222
372196050
372225393
372266385
372308997
372450392
372666085
372751665
372793723
372993926
373004651
373144349
373180985
373559162
373793653
373873133
374308730
374395044
374501700
374536572
374649554
374666001
374898664
374927974
375181030
375388265
375600746
375612806
375635445
375699125
375979726
375994708
376200562
376435380
376458660
376496932
376676541
376726721
376931429
376962730
377311738
377444185
377508271
377608170
377743946
377797460
377807467
377812467
377957843
378066488
378139735
378183268
378456823
378518486
378589293
378602088
378692980
378696303
378756613
378803436
378847279
379018952
379036298
379186568
379526235
379778885
379788823
379870895
380125936
380407493
380421876
380480649
380530187
380570609
380686672
380841406
380881675
380884887
380990284
381035283
381083248
381110295
381149408
381150995
381228306
381275770
381344671
381560724
381948151
382117855
382150474
382241920
382602463
382683770
382683841
382853940
383014137
383023990
383049556
383072013
383138206
383247263
383478985
383695806
383761451
383830198
383855048
383885679
384090427
384267230
384360730
384390011
384464345
384510481
384591032
384663820
385010143
385036736
385085901
385112281
385238636
385283344
385594564
385604283
385638572
385860978
385951343
386036454
386048410
386213764
386226645
386452074
386644020
386687376
386721146
386770154
386858812
386929823
387091015
387092379
387135145
387228884
387299280
387304461
387314856
387588204
387654354
387718011
387758439
387784425
387847734
387921587
387995962
388199296
388292545
388581188
388631458
388816516
388821091
388865929
389016523
389133452
389143131
389283783
389475906
389601459
389770787
389807113
389829327
389861705
389977551
390012732
390176509
390412115
390713540
390776121
390837931
390909049
391475624
391534811
391558293
391649494
391801939
391881244
391941342
392086999
392131034
392141244
392159076
392176791
392178549
392241143
392431536
392629749
392646845
392748203
392774064
392891593
392927413
393214339
393215601
393294310
393398904
393415956
393537738
393667371
393778005
393782151
393801831
394003157
394017442
394044037
394045794
394145331
394198098
394202052
394391561
394398743
394407588
394782707
394799407
394873459
394948881
395154870
395160706
395357129
395475584
395640282
395888511
396073678
396154429
396241557
396268489
396488109
396509962
396524725
396532734
396563690
396622104
396693873
396774092
396924403
397069829
397089041
397116979
397314372
397384527
397538711
397781628
397881354
397919271
398254680
398589069
398843377
398920470
399101863
399108806
399185781
399244253
399254396
399293949
399307126
399467329
399698886
399722541
399724543
400011429
400040339
400185356
400202686
400278857
400282594
400293773
400547584
400676158
400799709
400999481
401033264
401157782
401181127
401186325
401333180
401384961
401405505
401436267
401441378
401601888
401764759
401862671
402323440
402767860
402773514
402913117
402964327
403232638
403314888
403330562
403523166
403631816
403749107
403761845
403903915
403904741
404018435
404042762
404121391
404238915
404248040
404249965
404315526
404468266
404632080
404652063
404735569
404794206
404867149
404919851
404928836
405040048
405230388
405301334
405522910
405554019
405593786
405723429
405768374
405782499
406168380
406349799
406366636
406477022
406635036
406853038
406893667
407095578
407289577
407336741
407342918
407434354
407447003
407629199
407643534
407820588
407857343
407896703
407947533
407969997
408279912
408315834
408362561
408402175
408406283
408423358
408471145
408494898
408512388
408736691
408740085
408774730
408890460
409022945
409028114
409091463
409134455
409312461
409357832
409460570
409470831
409540609
409585655
409658442
409767378
409863935
409946026
410011483
410324162
410357633
410622629
410776138
410819913
410862913
410940605
411093202
411231131
411246410
411312298
411360421
411468940
411476008
411514948
411795668
411968740
412060205
412555661
412616943
412633455
412973605
412988739
413343672
413412358
413450379
413839438
414071978
414147267
414168821
414361646
414381364
414494479
414668342
414726210
414767871
414827003
414906520
415069506
415121319
415173872
415226189
415338977
415395610
415472576
415493522
415509039
415552013
415733067
415812589
415937155
416083857
416207411
416265158
416332390
416401044
416536543
416545011
416546734
416611163
416653245
416653814
416683490
416700825
416742198
416835264
416892147
416975840
417089819
417093549
417264621
417317388
417393563
417436047
417565184
417571866
417656130
417830028
417853568
418271367
418334538
418464067
418695076
418700210
418711043
419110381
419152425
419279787
419307848
419323615
419462400
419523261
419673789
419699855
420177834
420182735
420384798
420668490
420733142
421087944
421164841
421330393
421345930
421513223
421555414
421565320
421625498
421668068
421727870
421782234
421899925
422045309
422080545
422148804
422167199
422229118
422443976
422473957
422559129
422588010
422610733
422641992
422946770
422963558
423191899
423247738
423265811
423270407
423299465
423519470
423548178
423785205
423801778
423976467
424177147
424371219
424491967
424532114
424533359
424558144
424923867
424963545
425107640
425340341
425384477
425702221
425761172
425963581
426030291
426068142
426138046
426185149
426200514
426207431
426278076
426291336
426397531
426477220
426517907
426921224
427038183
427063373
427063990
427078328
427158277
427159274
427213468
427442747
427515696
427524064
427529590
427621644
428004885
428138314
428171228
428331986
428454338
428471495
428478056
428513791
428529886
428582262
428618972
428637096
428655595
428745772
428767407
428824410
429060029
429094402
429212629
429323622
429360325
429568219
429589542
429687877
429765232
429778322
429873713
429928066
430422461
430564423
430613049
430732476
430875304
430903807
430925550
430935006
430982131
431033187
431217034
431240895
431331273
431877945
431942101
432077108
432237861
432290071
432560239
432739568
432895038
432969974
433392803
433634614
433656031
433668470
433726622
433781829
433825688
433901525
433957660
434205003
434318220
434496621
434531827
434665323
434703059
434790794
434802911
435002523
435172631
435518630
435666812
435698154
435713415
435764023
435874811
436083060
436109626
436633987
436722511
437049748
437052304
437184230
437198099
437328240
437348752
437425143
437467698
437545727
437674252
437724558
437807627
437850925
437881239
437962500
438148603
438525143
438561959
438622695
438636102
438691087
438792040
438944819
438980277
439140623
439169939
439393342
439473095
439491897
439541602
439625575
439658788
439723983
439785903
439786592
439824534
439910469
440036676
440173617
440176880
440292005
440309228
440410992
440436014
440577152
440620393
440722318
441208648
441321202
441475517
441690650
441876192
441939025
442197547
442363720
442420261
442641740
442663515
442724063
442782029
442806776
443237231
443283667
443348049
443491700
443496728
443568477
443929246
443997298
444015863
444076727
444213570
444235232
444271445
444653049
444666093
444719920
444743512
444849505
444952513
444998533
445004087
445041481
445265812
445471038
445551106
445587839
445619673
445849887
446016639
446041846
446442273
446682514
446859799
447053792
447084639
447168474
447394235
447499246
447650229
447691221
447770346
447800719
447855538
447913712
448029837
448033112
448056297
448128508
448369640
448499350
448752290
448765982
449033147
449236402
449292954
449320918
449830021
449841039
450096834
450111490
450138003
450143967
450763628
450794387
450837676
450882298
451001499
451103636
451297654
451337518
451377142
451545107
451548629
451575952
451693262
451697531
451738625
451753326
451914160
452019150
452142864
452228779
452255750
452333750
452351474
452381172
452641528
452736159
453000239
453037233
453044874
453234402
453328782
453437079
453906370
453945126
453947767
453952389
454050763
454091980
454354595
454395917
454508401
454511498
454558834
454754139
454807231
454835955
454898249
455023290
455158349
455191093
455502105
455581283
455612984
455812418
455833117
455903127
456056217
456062466
456217360
456284501
456360859
456608670
456775276
456820243
456891473
456948411
456966656
457055102
457124036
457147281
457164559
457281939
457318138
457371825
457571449
457605193
457684161
457935456
458095031
458364292
458672847
458821077
458830857
459055797
459119900
459292478
459370307
459417666
459432379
459528749
459871537
459960953
460055045
460152027
460169644
460207337
460296600
460318499
460402839
460793212
460865992
460867898
460921458
460996293
461084041
461135190
461177811
461250213
461497711
461847730
461925248
461934070
462023295
462100208
462157667
462199043
462271285
462298186
462384558
462395290
462432424
462488751
462533664
462651121
462663259
462738678
462791366
462795733
462894556
462915382
463062174
463082709
463127669
463218027
463398770
463472952
463752893
463858359
463999986
464048966
464171449
464270498
464304439
464317541
464343333
464384961
464457829
464526401
464574119
464602024
464616109
464643505
464685600
464762264
464801701
464809901
464839853
465076707
465155343
465318477
465378232
465647243
465701983
465738541
465812216
466184431
466316533
466379502
466620822
466757577
466759353
466849001
467038464
467134678
467175255
467180839
467228418
467228858
467296281
467508524
467634321
467857210
468013846
468022829
468027168
468040295
468220048
468328377
468333130
468408792
468775877
468835937
468990003
469107815
469205178
469223893
469375531
469447253
469520461
469531047
469544505
469596592
469629622
469809539
470020026
470052418
470104591
470130042
470351394
470649528
470720624
470832388
470846163
470909055
470916280
471030237
471043804
471139404
471389707
471408746
471437256
471886933
471963015
472000233
472198697
472360749
472391526
472441900
472538171
472689517
472755390
472771265
472906925
473415258
473536687
473644936
473826230
473876024
473976416
474048094
474366022
474424637
474466492
474566678
474585991
474704536
474809751
474850280
474997334
475204844
475257043
475384658
475652403
475719033
475973641
476147349
476200273
476252788
476298742
476368629
476509552
476543708
476690619
476873951
476891596
476976826
477002903
477072285
477084427
477182295
477203056
477262908
477286740
477333456
477435296
477493638
477537169
477939415
477963783
478089976
478228333
478228803
478439166
478524464
478747189
478782674
478854110
478953599
479069101
479174724
479519585
479648666
479701010
479804055
480331073
480393452
480425667
480634608
480727488
480734564
480743481
480767326
480779180
480832834
480863509
481017463
481029638
481199059
481212159
481271556
481295316
481404899
481456776
481460501
481467202
481468806
481469738
481476047
481516941
481586825
481700667
481782349
482027081
482092196
482098105
482131919
482426965
482429360
482446440
482494545
482553674
482740798
482758674
482779153
482877936
482914703
482928219
483015175
483275365
483371343
483397482
483416762
483471117
483576981
483661257
483750073
483819119
483850748
483886570
484065812
484071720
484177842
484182707
484239840
484300967
484426102
484466366
484516881
484802344
484840431
484858935
484952322
485003473
485057197
485164995
485355512
485435910
485495793
485504888
485506727
485698185
485782229
485889691
485954725
486120250
486311135
486377387
486382400
486411082
486512423
486692465
486748644
486866295
487091268
487148574
487479132
487694898
487701047
487753930
487860620
487878955
488275042
488315896
488504816
488577016
488656759
488968802
489162386
489171894
489273031
489297977
489370563
489375123
489516498
489530300
489551377
489747029
489757194
489911610
489944549
489962401
490049198
490140706
490211046
490217682
490457088
490629136
490744097
490810429
490813187
490861311
491062227
491129286
491201564
491493715
491662147
491764035
491792569
491836080
491877555
491889553
491933111
491970671
491989994
492101943
492107654
492137138
492176053
492187532
492420243
492504601
492644024
492668335
492707879
492787215
492898980
492905088
493006119
493180166
493234325
493390501
493497188
493519581
493575613
493619375
493625419
493640510
493680633
493818972
493867587
493899706
493915936
494087132
494111122
494287220
494300901
494331121
494435089
494448840
494506465
494572533
494594788
494611607
494615957
494750097
494833456
494933540
495192540
495197365
495225741
495258359
495265940
495378753
495408637
495478488
495498213
495541621
495547478
495672197
495716158
495891845
495989655
496017906
496161071
496204816
496378535
496740715
496825429
496868307
496955982
497026307
497026907
497027899
497094345
497294313
497323285
497487884
497488664
497780723
497903464
497927987
498044547
498073521
498083680
498092480
498167585
498278323
498357683
498357742
498378293
498766651
498780113
498828575
499063928
499191931
499196754
499349001
499710919
499746412
499812861
499819279
499979736
500003094
500047459
500054772
500156896
500194716
500197827
500247966
500346143
500354194
500383542
500435850
500447835
500527080
500559253
500584954
500742775
500956584
500977160
501054775
501154686
501199716
501223732
501249548
501386019
501427544
501460512
501508803
501527659
501554993
501651065
501719362
501750378
501873555
501948315
502068875
502107245
502210936
502335072
502411733
502488590
502510494
502552006
502594854
502618309
502731688
502927063
503056308
503130617
503226596
503451231
503527376
503534717
503535685
503598389
503915522
503976208
504096747
504465397
504511412
504695938
504748683
505050687
505443779
505447986
505465780
505652603
505670314
505673089
505950818
506249259
506462935
506756870
506790755
506819145
506988332
507062600
507162667
507334976
507583398
507650663
507764771
507804625
507806515
507896790
507910458
507939201
508136416
508216624
508414007
508429168
508504582
508574297
508793224
508962125
509042353
509068100
509115373
509369375
509379746
509462529
509608343
509863466
509883495
509942644
509947072
510114084
510417952
510702144
510746248
510776989
510840453
510963980
511156662
511361276
511568696
511593837
511598753
511624032
511669308
511759346
511810970
511974539
512120651
512177066
512193621
512752347
512817966
513056415
513166047
513349223
513358370
513363862
513410476
513470516
513563746
513672918
513720599
513787763
513924314
514200345
514307980
514473996
514510010
514519773
514634827
514675303
514679248
514705690
514715033
514756792
514776235
515111224
515171348
515212596
515344411
515416530
515471988
515516021
515544184
515673078
515707179
515859245
515870133
516014927
516182838
516266763
516390697
516429042
516515931
516531705
516566991
516571975
516634291
516763225
516800400
516855231
516946257
517054187
517408998
517418571
517589419
517642351
517758044
517795261
517835577
517933156
518399875
518481600
518606766
518665219
518775321
518861207
519017455
519190933
519192830
519200613
519228616
519241012
519276366
519341005
519392659
519517557
519539369
519630090
519647362
519697666
519975028
520059995
520236478
520278544
520318803
520574229
520826413
521251912
521304501
521364760
521370917
521497218
521664576
521678681
521702778
521738875
521768410
522045216
522153638
522338962
522404796
522442488
522461487
522639586
522645098
522907661
523215122
523523068
523626964
523639659
523708773
523769029
523865659
523979711
524099240
524106233
524127709
524208656
524250848
524418243
524579677
524591470
524688977
524810347
525175360
525420394
525457110
525561041
525572928
525589091
525641998
525645329
525754904
525765359
525767825
525914316
526102245
526188901
526476054
526512524
526616765
526617576
526953433
527094382
527140383
527169566
527218165
527250652
527419442
527550112
527623481
527682089
527772596
527903333
528525279
528587504
528655399
528961221
529040975
529124220
529381763
529421421
529432815
529461832
529472662
529556790
529728376
529836874
529848334
529877354
529943521
529989202
530003174
530582024
530645582
530932683
530936798
530983793
531076728
531102769
531491863
531561024
532008614
532057136
532288980
532343538
532397799
532420094
532439487
532444778
532487920
532591058
532878322
533019903
533074716
533246192
533333764
533499285
533510846
533596233
533688573
533689881
533705667
533710459
534191612
534251765
534280899
534351077
534400893
534550904
534589400
534628279
534791546
534805272
534859383
534946834
534948468
535159312
535292870
535311629
535316477
535347859
535408836
535441776
535605418
535660070
535728916
535732049
536009138
536260089
536409101
536451262
536492265
536570174
536573192
536831823
537043234
537105800
537149780
537204189
537257271
537421022
537553242
537791827
537865070
537881803
537899856
537968185
537996616
538021178
538070908
538171565
538184302
538428252
538438140
538809688
538885896
538990336
539044884
539189931
539528600
539537427
539572029
539618314
539662259
539746863
539832786
539837059
539958256
540006740
540018297
540040737
540086048
540284745
540447278
540510738
540527190
540769285
541014263
541108446
541310656
541348111
541408077
541527480
541574424
541725435
541861723
541875539
542022393
542047830
542073594
542143438
542664936
542665935
542685785
542734882
542743269
542762928
542783627
542835870
542958857
543048605
543100776
543163771
543358168
543460399
543628929
543689863
543779011
543829496
544017604
544221513
544261197
544340078
544482471
544610845
544613781
544623768
544778109
544826853
544946951
545089626
545149706
545226148
545361584
545443690
545569799
545655641
545718143
545764586
545777544
545777759
545861925
546325728
546425731
546549685
546632549
546876255
547104874
547182348
547236713
547376904
547390880
547391426
547743779
547751099
547892186
547912564
547969913
548102701
548242968
548332490
548354172
548872416
548891499
548903837
548913281
549079719
549214901
549242929
549287534
549401205
549525587
549548602
549883446
549918221
550033631
550053411
550096944
550106901
550171480
550340599
550367003
550481734
550776441
550806018
550836501
550869812
551029570
551253080
551286469
551291530
551342569
551408097
551413669
551447462
551497567
551864097
551894152
551906056
551983474
552140127
552228078
552355993
552614804
552628908
552673559
552720349
552733030
552883549
553111105
553116956
553117488
553173265
553206810
553219541
553264548
553400328
553526853
553573419
553773946
553793461
554183207
554447665
554558463
554810382
554951831
555066904
555127136
555184746
555197690
555299944
555535482
555732799
555888608
556061403
556125606
556222643
556256234
556589934
556661536
556663322
556696573
556709108
556826783
556901257
557024330
557069059
557107069
557140506
557140630
557166488
557249010
557314208
557340431
557345566
557361674
557543072
557805326
557874931
557995778
558082942
558088410
558119545
558744135
558887206
558919895
558979051
558984030
559003476
559026043
559033999
559079306
559141256
559179433
559624393
559807882
559857825
559859991
559882449
559902205
559906300
559945329
560155499
560253066
560279252
560386123
560405593
560507779
560562332
560622576
560919755
560939400
561002144
561410142
561424300
561494208
561509341
561604791
561666153
561805418
561814956
561882410
561969349
561989665
562026934
562697526
562698075
562719501
562918587
563022953
563163916
563220483
563251167
563582539
563685920
563756163
564243995
564669741
564670182
564685237
564778820
564890866
564891086
565030359
565045936
565070651
565156016
565199909
565276831
565352536
565430881
565500489
565541608
565644416
565931453
566218563
566267460
566363328
566517069
566945307
567096260
567187059
567453428
567563733
567604964
567633620
567687143
567858116
568055784
568067759
568077458
568282212
568315692
568396168
568504287
568675802
568750265
568881831
568935571
569036132
569074335
569103851
569366978
569546932
569855363
569949385
570023612
570036646
570092364
570457523
570539923
570574107
570602825
570640697
570754758
570842391
571024475
571252324
571262588
571380420
571395082
571445494
571513499
571534651
571567855
571617176
571914691
572100390
572194448
572398095
572578367
572612371
572698091
572818514
572857765
572964585
573143200
573227662
573568881
573689446
573802794
573808566
573897266
574112888
574287090
574316373
574416819
574546861
574549586
574615054
574637196
574673009
574805721
574927721
575311571
575381977
575542800
575616269
575637769
575697855
575814976
576062786
576276584
576321371
576440296
576573307
576579701
576641185
576671632
576703285
576804806
577089584
577228908
577411251
577591705
577658531
577733955
577819595
577863690
577893966
578067902
578174876
578499031
578555911
578700232
578754641
578934362
579035867
579186889
579325129
579405315
579421067
579529597
579591934
579592771
579740517
579824065
579838447
579901160
580027927
580068375
580226133
580281105
580336972
580364975
580441451
580445791
580506451
580523699
580581475
580863621
580884872
580950728
580966716
581005486
581009317
581129032
581200921
581210017
581380631
581399609
581457203
581639783
581653596
581758187
581772659
581803271
581803786
581903795
581963504
582049643
582109940
582144312
582214583
582487368
582490202
582543435
582591835
582599230
582635028
582688903
582719291
582723221
582773104
582893454
582902318
582988765
583067309
583203173
583457649
583798458
584050412
584136842
584157295
584302484
584379036
584380132
584667817
584958704
585043082
585119358
585156827
585265553
585272388
585303996
585318624
585557305
585842755
585906421
585913972
586031890
586199002
586435047
586498830
586670869
586706690
586740451
586797716
586849955
586916322
586928536
587109424
587115549
587345542
587537189
587543022
587559007
587859183
587873162
587906096
587926623
588083119
588195433
588346917
588452592
588630385
589068935
589074106
589101638
589128853
589176682
589362759
590025288
590080752
590149150
590222813
590424751
590483184
590607124
590712626
590823875
590973712
591128656
591233602
591359833
591392238
591472275
591536756
591620985
591722052
591796718
591915498
591932637
592136308
592190745
592273601
592312152
592403961
592448199
592542695
592635695
592692679
592819571
592910165
593269673
593297934
593523886
593528001
593529276
593541053
593569406
593665145
593751868
593783775
593845156
594028795
594042964
594043749
594128192
594334474
594373363
594984338
595011705
595035839
595078733
595102595
595122779
595196640
595205598
595262226
595451107
595522578
595693447
595743312
595813266
595901401
596061401
596066473
596526167
596627197
596645052
596688051
596767730
597050208
597247369
597547743
597567447
597611181
597635540
597711542
597723993
597844863
597983630
598055914
598233289
598288348
598710331
598784629
598852349
598985886
599132681
599161657
599346941
599406761
599488279
599667794
599812159
599854341
600143668
600165535
600239543
600288830
600397898
600399090
600477732
600515495
600656994
600753924
601198786
601243424
601265909
601647953
601687563
601712763
601980405
602198835
602248709
602292896
602346055
602355556
602393595
602427562
602519317
602610513
602678216
602744413
602757208
602828678
602887050
602903826
602988098
603390919
603542204
603621452
603631109
603812514
603891828
604212304
604513269
604633389
604723071
604775365
604809754
604851203
604949153
605076538
605104186
605113722
605177987
605541226
605635005
605685260
605929039
605971085
606012472
606103172
606202792
606217776
606487208
606527396
606598051
606673209
606676254
606686006
606690238
606732819
606897242
606979065
607043384
607063402
607097679
607109768
607133045
607244467
607338166
607404275
607557241
607677180
607748845
607840350
607959133
608139694
608215369
608256184
608321607
608332658
608410628
608468338
608807830
608973032
609048230
609059155
609178414
609243214
609287530
609300213
609353766
609414231
609596271
609598568
609634117
609640107
609689253
609856214
609944070
610125850
610176581
610308945
610426478
610610357
610674556
610941546
611068547
611077577
611111006
611334810
611365102
611463422
611498401
611587127
611801117
611809508
611840583
611868528
611912564
611926139
611928746
612118154
612133483
612146856
612249781
612316788
612345226
612390937
612441301
612485342
612633519
612682946
612881670
612885697
612887383
612994942
613063889
613171148
613186882
613216217
613288061
613327754
613368952
613865421
613963542
613983750
614154687
614399153
614445230
614675480
614701813
614710334
614839816
614960024
615088225
615472557
615508345
615735710
615751636
615770326
615859296
616241428
616291426
616379241
616428467
616510829
616741073
616776140
616881592
616906102
616908009
617055385
617077794
617128239
617132186
617201614
617466261
617562514
617755690
617861340
617864251
617994000
618118164
618215917
618682883
618744969
619102107
619448949
619607176
619613775
619696638
619757558
620135554
620179453
620379262
620478829
620534860
620582250
620591883
620639159
620690815
620868017
620922287
620962529
620974067
621015280
621054622
621067950
621074850
621092124
621110046
621174740
621441472
621611525
621646521
621792259
621879272
621962505
622137952
622444771
622578140
622608581
622619745
622670999
622707565
622753916
622774923
622778241
622856774
622901022
622998263
623138520
623162501
623381506
623496998
623532985
623549447
623653090
623923884
623944109
624006484
624006812
624080430
624314690
624352497
624362046
624372855
624542638
624756697
624835171
624850418
624910099
624934498
625156849
625204722
625232038
625281028
625361255
625521557
625691682
625721855
626011680
626116954
626126249
626597803
626645233
626650690
626853366
626907555
626953425
626957479
626963556
627015745
627067649
627126973
627302125
627371778
627394259
627419954
627480660
627509034
627566512
627654106
627776142
627811212
627845866
627940253
627982139
628400314
628429452
628616456
628617881
628661117
628712529
628725160
628742245
628770735
628783717
628837366
629010643
629096180
629217108
629352066
629539610
629549693
629618380
629690069
630004974
630047054
630209599
630216771
630264038
630271357
630498614
630727464
630828557
630866500
630989906
631086817
631092467
631117861
631290792
631342647
631788739
631869081
631893872
632045474
632167625
632172414
632332241
632462154
632558616
632566507
632568061
632573693
632835388
632895989
633403808
633433769
633511324
633530129
633561207
633594627
633637200
633678499
633755598
633858547
634031139
634036667
634172073
634304988
634389946
634507983
634689715
634713442
634792690
634820930
634869474
634920612
635014266
635029539
635054917
635065708
635072195
635118467
635140340
635145666
635168378
635219503
635230139
635547010
635624966
635674562
635888526
636280392
636341438
636385710
636437866
636558136
636658379
636676338
636697690
636781659
636947173
637190812
637246708
637297396
637329331
637344166
637460879
637563058
637833502
637892616
637971805
638010627
638095840
638343480
638368402
638430272
638515569
638717399
638787830
638866381
638911574
638930817
639093073
639152817
639166768
639210740
639212462
639232275
639758998
639865204
639947117
640076503
640123024
640229433
640230064
640280528
640421057
640446720
640521040
640602295
640631112
640656946
640928142
641043212
641066164
641066862
641241695
641261230
641273911
641305132
641307905
641312557
641313773
641403909
641868519
641929960
641949188
641960961
642102433
642126938
642243171
642245094
642245942
642314120
642328327
642396854
642428834
642473356
642504148
642549134
642577616
642705979
643015801
643029810
643206757
643367780
643375338
643387511
643426576
643464710
643486219
643496164
643620235
643864389
643963913
643965813
644125574
644368333
644394722
644435400
644476172
644568269
644614449
644637283
644640033
644683426
644825760
644943461
644946182
644960626
645050522
645065858
645066307
645233242
645358467
645364881
645710925
646033160
646075149
646087727
646157335
646313422
646389365
646446318
646460992
646515959
646718061
647062630
647225733
647248234
647362793
647369983
647499083
647704484
647706671
647714628
647818137
648672628
648864580
648870827
649001856
649124047
649164715
649283918
649372558
649387193
649695537
649753648
650131101
650169723
650319350
650321818
650359324
650394798
650397304
650500512
650563347
650684980
650757985
650769201
650877310
651115521
651124416
651270331
651275805
651348395
651389259
651496876
651535802
651538780
651601027
651609810
651681638
651748569
651858332
651880987
651915880
651956774
652295910
652325535
652326773
652340468
652456234
652494282
652600994
653004881
653047313
653273666
653465437
653512891
653563104
653564490
653778040
653925242
653927820
654220757
654344645
654461303
654613887
654618053
654664642
655225701
655278458
655282708
655319035
655419173
655443648
655476065
655482216
655587150
655811820
655824678
655861379
655862863
655960166
656074302
656351278
656430349
656764661
656914743
657094200
657217310
657218256
657220054
657247653
657268843
657424460
657578215
657669400
657773726
657816207
657854748
657863589
658070826
658131675
658202556
658246354
658363490
658369447
658461490
658597188
658821001
658841057
658896533
658925602
658951797
659110055
659545554
659715921
659789324
659910799
660074337
660168480
660347971
660398805
660447031
660456034
660522182
660910279
661146990
661175045
661258483
661780868
661861466
661927980
661982798
662220668
662273919
662369597
662653395
662979550
663029594
663071404
663178067
663182723
663193113
663270431
663286262
663337974
663393325
663423657
663539546
663700197
664048853
664085409
664091612
664246388
664347643
664416377
664425391
664672839
664742539
664823132
664877274
664929153
664967792
665026022
665088440
665092368
665155499
665290599
665301704
665353723
665395131
665398852
665408199
665461293
665501883
665568456
665624514
665693662
665708222
665764152
665851876
665928811
666095414
666372492
666393600
666534681
666538875
666580718
666604947
666622698
666704170
666705400
666908117
666951628
666991407
667096294
667166488
667310650
667398505
667522560
667970948
668226044
668241546
668793438
668829197
668847339
668892245
669028605
669089787
669193938
669216803
669250066
669257775
669335374
669341182
669347109
669358858
669473817
669484976
669522858
669574577
669767184
669867551
669915390
669945857
670047705
670118029
670305383
670575882
670610827
670668794
670670232
670823424
670870770
670960510
670971265
670983523
671033323
671067254
671117462
671353574
671425288
671457199
671473417
671592670
672112520
672332119
672337930
672392001
672646482
672654523
672719750
672759616
672959407
672977193
673049638
673142622
673236261
673271065
673489918
673579188
673919049
674037842
674091048
674205643
674249000
674252704
674364808
674416966
674439100
674528903
674649492
674856254
674959787
675160941
675463444
675929987
675952788
675957482
675992270
676122654
676207902
676351859
676371800
676394881
676597539
676621702
676673141
676963262
676971612
676982866
677008313
677093707
677097665
677435522
677523403
677599414
677626628
677665099
677667798
677810049
678136563
678170459
678236220
678247018
678247800
678266291
678290669
678458555
678603289
678696505
678882510
678939235
679038930
679253961
679492993
679500716
679575639
679625913
679769561
679890053
679893913
680227990
680488062
680608094
680707768
680732782
680981610
681102357
681133261
681150076
681252866
681358109
681436631
681548809
681629839
681732215
681945064
682069769
682141753
682269972
682301887
682314616
682637121
682713948
682786654
683057965
683087335
683702413
683770994
683813670
683926704
683934439
684202345
684258460
684436106
684488608
684560692
684709332
684731316
684750494
684764677
684886481
684999900
685001378
685033573
685090912
685159352
685259344
685315073
685369295
685386108
685722524
685756941
685758964
685926237
686144653
686254765
686276222
686571637
687046171
687231453
687301980
687470621
687571432
687617224
687707038
687736428
687821439
687920314
688275433
688279909
688415530
688421948
688520678
688541558
688572992
688586592
688615433
688652129
688683531
688688640
688722918
688729659
688760676
689301587
689306292
689467295
689473926
690014161
690280991
690316581
690349365
690429121
690437236
690713828
690717531
690746974
690886190
690907336
691191321
691241230
691249659
691264549
691326894
691329679
691353753
691680288
691739279
691812624
691825208
692152195
692213047
692260802
692279779
692382753
692709454
692863596
692925640
693291238
693296231
693322012
693603672
693605403
693639675
693674674
693685739
693833928
693959037
694025035
694419273
694431872
694511716
694596600
694897845
694907878
695371752
695462536
695530368
695646845
695815164
695957875
696016240
696071146
696259391
696307311
696385932
696555181
696570819
696571569
696582710
696681013
696713857
696863108
696893799
696898767
696898938
696940774
697015707
697304918
697313614
697400031
697561373
697741297
697809413
697814553
697861463
697925204
697964930
697985056
698163099
698164031
698178378
698272922
698610193
698657166
698661257
698678792
698745922
698794294
699049276
699090874
699119557
699132936
699206065
699233213
699291651
699463787
699477383
699567999
699604447
699821358
699879869
700070280
700221253
700359616
700502111
700515787
700592294
700642042
700658982
700672635
701026503
701151711
701334559
701484085
701509860
701521001
701746700
701747103
701808864
702214356
702227643
702278819
702295352
702454286
702514050
703290959
703513145
703668206
703686806
703792516
703802013
703841735
703861041
703908360
704038318
704102049
704321911
704360597
704620031
704846323
704883562
704899001
705064119
705085950
705226123
705356470
705407315
705744282
705754745
705774331
705878825
705970829
706092275
706214891
706236937
706284279
706339498
706431240
706499884
706530006
706657323
706708996
706741719
706821628
706878223
706923969
707037538
707094484
707181132
707184190
707223763
707318771
707355457
707479454
707608132
707737103
707905883
707959226
707966010
708178838
708202810
708345337
708537617
708608715
708610563
708671639
708689957
708691298
708723080
708816831
708999429
709135171
709323255
709605302
709707571
709813015
709875585
710004059
710023341
710095763
710107296
710113945
710129842
710148915
710175033
710279325
710337790
710353425
710365163
710450493
710479925
710682503
710756847
710815060
710887061
711075680
711094455
711109386
711257935
711357020
711479930
711578589
711604467
711684566
711797265
712343031
712567511
712610974
712706856
712857481
713066105
713145434
713553548
713615655
713908891
714385736
714597818
714711732
714735069
715051384
715117183
715128150
715189138
715256524
715383449
715519722
715733536
715808660
715817674
715843113
715844856
715888266
716082577
716270153
716377410
716461352
716483752
716523878
716743676
716790131
716810796
717090570
717409215
717418795
717473812
717695334
717831713
717935877
717952104
717995507
717998740
718018914
718083907
718538592
718723706
718786217
718969115
719172778
719188569
719247996
719317764
719383052
719482903
719640339
719691343
719745559
719769056
719807093
720103939
720142033
720552596
720567961
720625190
720845502
721005421
721027779
721029396
721046846
721068200
721200720
721214786
721219325
721232491
721344669
721374983
721406931
721448828
721566562
721952421
721953299
722145901
722190753
722350616
722519288
722545036
722641835
722847930
722978137
723060320
723124531
723169295
723205961
723289796
723367656
723395179
723442412
723559477
723662488
723703262
723725343
723751964
724033514
724106061
724240458
724518382
724577648
724814368
725025374
725026375
725076334
725126673
725132413
725237650
725339639
725392056
725453995
725502378
725606496
725705291
725901414
725934083
725963485
725976860
725979219
725989823
726114961
726246516
726249392
726434982
726461810
726553729
726595101
726820098
726888402
727107807
727146751
727179504
727281492
727371464
727459866
727504257
727664951
728018068
728089071
728181923
728266655
728384206
728393373
728528358
728809003
728887365
729269750
729317541
729330818
729343841
729352029
729440078
729531664
729554134
729790357
729828530
729864831
729900351
729909428
729909728
730003503
730087580
730144419
730149977
730191298
730223923
730403552
730727770
730779388
730859329
730877123
730961686
731276966
731382568
731417635
731481598
731655287
731659778
731768194
732107641
732205949
732305941
732317607
732499614
732511780
732665047
732818188
732868657
733024647
733126718
733529692
733563706
733659635
733783871
733872525
733882215
733945367
734135893
734202713
734302499
734483503
734521376
734659073
734683722
734704341
734815871
734926006
734999791
735069855
735074126
735182288
735229332
735359494
735482697
735495384
735565799
735681840
735690548
735867489
735924561
735930324
736043587
736065990
736092318
736192899
736292382
736297255
736764080
737198662
737280442
737561902
737707600
737780574
737866725
738111951
738378731
738412856
738436449
738465809
738471039
738482970
738517266
738774134
738935575
739084243
739259743
739364175
739427168
739456707
739582862
739797591
739811589
739899021
739914258
740071311
740188382
740245574
740571076
740666132
740987862
741090373
741197040
741255400
741271744
741510643
741628062
741771453
741817044
741985304
742046446
742066069
742082590
742199825
742227886
742272476
742480261
742645848
742724980
742754631
742876894
742988001
743058005
743264198
743318794
743427179
743494508
743801223
743818785
743861221
743939171
743984452
744042914
744079343
744734430
744756727
744894569
744913208
745300320
745331300
745351394
745407836
745501605
745506016
745507988
745539851
745584260
745619890
745652286
745714136
745769989
745920503
746084088
746112674
746120579
746179966
746194644
746228285
746254821
746543303
746602848
746605837
746627049
746848834
747033333
747148643
747164518
747334565
747534859
747543236
747564230
747731097
747861957
747879123
747931344
748083660
748097238
748324484
748614130
748637396
748726339
748771346
748791656
748895819
748939030
749172686
749331517
749431490
749442046
749722433
749869860
749914247
749956115
750427875
750536227
750694223
750936691
751133767
751140576
751149686
751211177
751296226
751468130
751700796
751796170
751843049
751936447
751971604
752148176
752215784
752293960
752513248
753174790
753309126
753395463
753456111
753625122
753638535
753899171
753962003
753995891
754079005
754231908
754247374
754469664
754512401
754532138
754598705
754669994
754863708
754875881
754932313
755139804
755270404
755313465
755344328
755454123
755478221
755538615
755572700
755921700
755979511
756000860
756083974
756198672
756264338
756378876
756423985
756603674
756679263
756698721
756699168
756849668
756940330
756946744
756979887
757329461
757636225
757668378
757671465
757759024
757804869
757860546
757950800
758011836
758030666
758045963
758139738
758200254
758260784
758419437
758665956
758824967
758843502
758950172
759016413
759111630
759123946
759252525
759341373
759494073
759569149
759570877
759604523
759669809
759743438
759876698
759992771
760002428
760491695
760638657
760700272
760719441
760770343
760789845
760920348
760935038
761037343
761163685
761228302
761290164
761329171
761353420
761406711
761420183
761564407
761662013
761773765
761899557
761929831
761959249
761988359
762122071
762143334
762295007
762449875
762469461
762525404
762573504
762577252
762599701
762638843
763081020
763117957
763402586
763571892
763581469
763704565
763766666
763933825
763954720
764165956
764270165
764330268
764363667
764367079
764384520
764491702
764591522
764653050
764699127
765279888
765305679
765373087
765584461
765622695
765762774
765826930
765904181
765922731
766132274
766171996
766257352
766342058
766372699
766821064
766874472
767059735
767143368
767368014
767526416
767686560
767912205
767993751
768153664
768413049
768589673
768715564
768807915
768893678
769058298
769108396
769339628
769441028
769492698
769507474
769566687
769596074
769745543
769838940
769875682
769887891
770157045
770245493
770278132
770595146
770608630
770639795
770862053
770955399
770962642
771016403
771222584
771314530
771382176
771552341
771590349
771657019
771769935
772000507
772034677
772261166
772269230
772575908
772624582
772796459
773257413
773460381
773511157
773683209
773696290
773767129
773837906
773911257
773998606
774064914
774148314
774190889
774233592
774374936
774478653
774492623
774523488
774551997
774573016
774709172
774799801
774814102
774914366
774941144
775056464
775072301
775088170
775276521
775319613
775462654
775465430
775503472
775554585
775648922
775962051
776085621
776203260
776209738
776284474
776396969
776449068
776469541
776493154
776539689
776552783
776569786
776830081
776874623
777093563
777143825
777195566
777331010
777509229
777513940
777649672
777710291
777771984
777894006
777950675
778073287
778149167
778233912
778394469
778551114
778798844
778812973
779076188
779174763
779187597
779255865
779257805
779373351
779398581
779565434
779661765
779790257
779942152
779951558
779961398
779993793
780069687
780121100
780180398
780238884
780247581
780417324
780418406
780475612
780537075
780570415
780617565
780684316
780930430
780936036
781172510
781280442
781332624
781490469
781515675
781524338
781574153
781713780
781816882
781823808
782073731
782200963
782396263
782525843
782528425
782563832
782667621
782684545
782707872
782730000
782758700
783113079
783306695
783345945
783375000
783788749
783924949
783979756
784009017
784027169
784028754
784032697
784035889
784118961
784140568
784203955
784389426
784531479
784939599
784943526
784965282
785104602
785316486
785341822
785373712
785430777
785534850
785661905
786012729
786021927
786025251
786512547
786536056
786599348
786672205
786708748
786711784
786915303
786938705
787090857
787208757
787674322
787755044
787760019
787825147
787900004
787917929
788063516
788343483
788410624
788769306
788817996
788917499
788973908
789021855
789073402
789095446
789122372
789282958
789340963
789504510
789634048
789838336
789878465
789945705
789965377
790233709
790449847
790569812
790598230
790811222
790972340
791075128
791080338
791123438
791260582
791311977
791414907
791482351
791517725
791571573
791657074
792005807
792199797
792206560
792280866
792348573
792377337
792391047
792600737
792753030
792854033
793086212
793098376
793104059
793250838
793278226
793475494
793538225
793678300
793736391
793769723
793836423
793843025
793896577
793926406
793934049
793980735
793986141
794350458
794362158
794452642
794511358
794557150
794608843
794839232
794923007
795042486
795139586
795228158
795238950
795255396
795310408
795366403
795456570
795591480
795644166
795650967
795679469
795832385
795898031
795901894
796022174
796026303
796100921
796153389
796239787
796347821
796398484
796459034
796459527
796508951
796546704
796612304
796669882
796704464
796717692
797310365
797403288
797440325
797651247
797692001
797736631
797818352
797843546
797859331
797896542
798038400
798121366
798315887
798333012
798348419
798542697
798635197
798729761
798778182
798843725
799126415
799445829
799454925
799778605
799784723
799912061
799983043
800189332
800217590
800223179
800293192
800296950
800342039
800343119
800807397
800865190
800889766
800919609
800935259
800956185
801025854
801088264
801167463
801211254
801235264
801323957
801329938
801370312
801452277
801452768
801578153
801694052
801782510
801850605
801913133
801918010
801942365
801959446
801972546
801981863
802048680
802144223
802221343
802228823
802289905
802363001
802364085
802400129
802409214
802464590
802771369
802822223
802867643
802883719
802968762
802999071
803308842
803374976
803777909
803873795
803885090
803947862
804076552
804208058
804458768
804487751
804542602
804951233
805034010
805120244
805152104
805166805
805167540
805241752
805654979
805713602
805789458
805792603
806104303
806398337
806436081
806452278
806499229
806565435
806578653
806797421
806981940
806984196
807140837
807172204
807185753
807280899
807309037
807573656
807690652
807817571
807830260
807860165
808034955
808134051
808334980
808503550
808565072
808645848
808733788
808738140
808975010
808988864
809051670
809543493
809569365
809721203
809839813
809911973
809935653
809948578
810144701
810148749
810184528
810310609
810328444
810454042
810535992
810539785
810572899
810639674
810846229
811336658
811349519
811420851
811545732
811570167
811629870
811631145
811689126
811797150
811797952
811878370
812050466
812126871
812225188
812225802
812236169
812344288
812501499
812507455
812550175
812614187
812771954
812834859
812875627
812887891
812910166
812922770
813021056
813079427
813132687
813218935
813223803
813268717
813319453
813552076
813700335
813726195
813786539
813834024
813877956
813880009
813998270
813999691
814053636
814241050
814409819
814470874
814578289
814667663
814857505
815089478
815104662
815127939
815144995
815272832
815276793
815379315
815417325
815436322
815521835
815826345
815864464
815888327
815971931
816115617
816297121
816349595
816690776
816859708
816894719
816921088
817007751
817071634
817114340
817132211
817191533
817328523
817417225
817533572
817934746
817945444
817990571
818057766
818184307
818192732
818295816
818384036
818384657
818423143
818426291
818519720
818583421
818824848
819033892
819150268
819161484
819546543
819693380
819957771
820002860
820184652
820340237
820441469
820505636
820554136
820651838
820666699
820778598
820843034
820940475
821205577
821260997
821273518
821299453
821308639
821331575
821354636
821437546
821542002
821659898
821838735
821844966
821894763
822121145
822346726
822473335
822482065
822512575
822529834
822590253
822606628
822669489
822784828
822796931
822834330
822938607
823006031
823029417
823098122
823170272
823191086
823211854
823486985
823699837
823785051
823785170
823918187
823962950
824056745
824514026
824546137
824562799
824567718
824620587
824681620
824689763
824864999
824953029
824991115
825014271
825033582
825132401
825187248
825271311
825435726
825575266
825607153
825714721
825719303
825905045
826016283
826105460
826140986
826189538
826191225
826277402
826322096
826399333
826448285
826580821
826766069
826816544
826822964
826945589
826984214
827000807
827245744
827341374
827448300
827516521
827534305
827534777
827543776
827706506
827762516
827899429
827954440
828185045
828385052
828385095
828435200
828567416
828575117
828704903
828776318
828798247
828834511
828873482
828882201
828896702
829252000
829289321
829294303
829322403
829386061
829405061
829566899
829668659
829880910
829887499
829999856
830026338
830098462
830100233
830267610
830352159
830360181
830402924
830481903
830772628
830786668
830819806
830832660
830873926
830890934
830969021
831031446
831172211
831352586
831425618
831524541
831542778
831671604
832213767
832314696
832523475
832673433
832696698
832701579
832801324
832872840
832920943
833013706
833020540
833022462
833027034
833066354
833271925
833307195
833474012
833548957
833749637
833782022
833900325
833925841
833947108
834121797
834138410
834217454
834264594
834358471
834423716
834519926
834822824
834868696
835060228
835188809
835222596
835267099
835559469
835573136
835595624
835669461
835754611
835786474
835911452
836054234
836113351
836309064
836544519
836576738
836606899
836762852
836804737
837380800
837519043
837603557
837707890
837825470
838155515
838171047
838379840
838422126
838627099
838693955
838754290
839078681
839083336
839084907
839425525
839743680
839917386
839971803
839993061
840498533
840664368
840828649
840828855
840878035
840952262
840962589
840965897
841138419
841194019
841218756
841360136
841890194
841933429
841990464
842081706
842297044
842346479
842665611
842698694
842704241
842767232
842789641
843509999
843561648
843579437
843652698
843688098
843825634
843881523
843900109
843942009
843960532
844008116
844066074
844111226
844255707
844273107
844381753
844606007
844811590
844853233
844944680
845017695
845050944
845061864
845128570
845173772
845174592
845200024
845335705
845552779
845602102
845710057
845730277
845774631
846124047
846145383
846182532
846326295
846467221
846536311
846705096
846910642
846967449
847112759
847184841
847217167
847374030
847578977
847591593
847604821
847657010
847756848
848078066
848109867
848111402
848193690
848494352
848696451
848772826
848843671
849017500
849113769
849195758
849211002
849343502
849484312
849506006
849605924
849679201
849724081
849736021
849835137
849863633
849990975
850009285
850025371
850025379
850064466
850085937
850147992
850165211
850190122
850381886
850617335
850634392
850809830
850887503
850944611
851046174
851151835
851275836
851349881
851395694
851417826
851475774
851544974
851627911
851692727
851798582
852060192
852074274
852144347
852390276
852673088
852802810
852977222
853003575
853154474
853214453
853289606
853425523
853521173
853563244
853706304
853797327
853958454
854159372
854214685
854512550
854912026
854974861
855033477
855041967
855113410
855301941
855352351
855376463
855457833
855462453
855570844
855575056
855620157
855694445
856118316
856124345
856146520
856250311
856305044
856396181
856612265
856651873
857218940
857240126
857279045
857360167
857678545
857807553
857902234
858051085
858202295
858663296
858732771
858770592
858826454
858870836
859095944
859134460
859270980
859315102
859465309
859468764
859583314
859785091
860180716
860450508
860461664
860479363
860545512
860625126
860713340
860731805
860845724
860847025
861118311
861124010
861183390
861189929
861259050
861363968
861510975
861566314
861675597
861760271
861822221
861894940
862010969
862037954
862213081
862512239
862734590
862802353
862984449
863121723
863307149
863477998
863557790
863583615
863677305
863694600
863746103
863762799
863801077
863927204
864088244
864136485
864170083
864284616
864452334
864576212
864809714
864844028
865036573
865043815
865449041
865473594
865542406
865556408
865647667
866018059
866184554
866207159
866287944
866388003
866388922
866578716
866706828
866759796
866801638
866838095
866909712
867165687
867193943
867228786
867564694
867570770
867587186
867601272
867895911
867923722
867930254
867988820
868021120
868251059
868385217
868505319
868565241
868593055
868662393
869623179
869747050
869941287
870155137
870281148
870362907
870383609
870457838
870543492
870935319
870938193
871015718
871108905
871264255
871270671
871278929
871294192
871338933
871560331
871708541
871723969
871812810
871820995
871867030
872340519
872394903
872692349
872841550
872842916
872889456
873077788
873149535
873356703
873626805
873842622
873893299
873898851
874036364
874143341
874331872
874598434
874637419
874645376
874685195
874858869
874930370
875145407
875160121
875181341
875309675
875753963
875912016
875981031
876044037
876399875
876449793
876494397
876614817
876630391
876811756
877269559
877398094
877478068
877625825
877652509
877724679
877788109
877876825
878030143
878042678
878045536
878204738
878272374
878349880
878898248
878969012
879178641
879223802
879280962
879385895
879586532
879616626
879633898
879664634
879696949
879769116
879778653
879977868
880099806
880232149
880316758
880316834
880653490
880656341
880684597
880839874
881044940
881186527
881219651
881229481
881287146
881298254
881509174
881512159
881542005
881564811
881766969
881767829
881785604
881844579
882198860
882231596
882346194
882462519
882695097
882721366
882750288
882845828
882943396
882976281
883116339
883127008
883129533
883176925
883195334
883204180
883296344
883452629
883858214
883938454
884002609
884074704
884113064
884140777
884372944
884376178
884428375
884447839
884523464
884544433
884673717
884742136
884781593
884832797
884837004
884940584
885039446
885109561
885484792
885558035
885582857
885669107
885789107
885959520
886024888
886168956
886319633
886486255
886673310
886841243
886892874
887080837
887193382
887197800
887512733
887593198
887704043
887748060
888210208
888237793
888272148
888421964
888422750
888432304
888555761
888599033
888622663
889062354
889064141
889201096
889279730
889292196
889296322
889802684
889809017
889827235
889867380
889954799
889956495
890127233
890338809
890562322
890580212
890613872
890677544
890805578
890852084
890869007
890944400
891036985
891045334
891049525
891118593
891624616
891785175
891878683
891887557
891966680
891974666
891982809
892056062
892069024
892126834
892177162
892327639
892481891
892663088
892718913
892742155
892799062
892859298
892872586
893150089
893727631
893730543
893790325
894088436
894153576
894199857
894237945
894267354
894563119
894637718
894792575
894849523
895076289
895151594
895164866
895228326
895288365
895293848
895306294
895603872
895645226
895735431
895900651
895915206
896021686
896118901
896210501
896352613
896359877
896377162
896390964
896418051
896501809
896533607
896787869
896872081
896913420
897137292
897197780
897305313
897327370
897352596
897457055
897471376
897716370
897743625
897744995
897863821
898019764
898066392
898238790
898257575
898257596
898543837
898565910
898579060
898652297
898888045
899166678
899236381
899403224
899672522
899838674
899879779
900186223
900210586
900375965
900903993
900927932
901025721
901119082
901333002
901392307
901446611
901507137
901513519
901675835
901704456
901728785
901790441
901850944
902126203
902231798
902303659
902317998
902462193
902486401
902617091
902913170
903187717
903503786
903575425
903659479
903716216
903746631
903758321
903758685
903834852
904013429
904221059
904600744
904663644
904674855
904799287
904885584
904950294
905089242
905099264
905292159
905580920
905612434
905625116
905669146
905690820
905738234
905772077
906003527
906163606
906164270
906324073
906355985
906424495
906528264
906564406
906726662
906853548
906875275
906939138
906965205
907004459
907039951
907375748
907487503
907524789
907695044
908226812
908296544
908354677
908388775
908449008
908860357
908871539
908921307
909446287
909464830
909480087
909647067
909738066
909796694
909931949
909977243
910248262
910262473
910361945
910469519
910591088
910686163
910730580
910802403
910854672
910984831
911262589
911289938
911524443
911662728
911698423
911824181
911856705
911945951
911988680
912126509
912200706
912390525
912429851
912570170
912947856
912953974
912960736
912975430
913022846
913138320
913236636
913257888
913310867
913747218
913764265
913769808
913826193
913838394
913863067
913997192
914051996
914106661
914120302
914183417
914203501
914282787
914353768
914453007
914501815
914516103
914554667
914756135
914891104
915100618
915108712
915123793
915285425
915529602
915630719
915675153
915731670
915963702
916475174
916525966
916577357
916644132
916667903
916816491
916896544
916921100
916947877
916971896
917118756
917174436
917327605
917412311
917473924
917489672
917625441
917793794
918090573
918292116
918411167
918444769
918461981
918471606
918488987
918492251
918800051
919166814
919170378
919200662
919253029
919319979
919381378
919541643
919637781
919697864
919735206
919770944
919922712
919939547
920007235
920043995
920045846
920143911
920176447
920181503
920332841
920384795
920548614
920553076
920559552
920568246
920955541
920983646
921163568
921208888
921258797
921292377
921568811
921600835
921659819
921890639
921908772
922040680
922220406
922235847
922477697
922554350
922724318
922822357
922958812
922991620
923035569
923160800
923202545
923332164
923482611
923484537
923493256
923713611
923999191
924215970
924265618
924496231
924564130
924789423
924872666
925149438
925272077
925273744
925296163
925519924
925582409
925586615
925960306
926070656
926134403
926236557
926373172
926377990
926496549
926774145
926777685
926822362
926888647
926969512
927092314
927096521
927130653
927241905
927289655
927635978
927709563
927838529
928036885
928090726
928157887
928243529
928310931
928321021
928569237
928607154
928701628
928786170
928897350
928910943
928989175
929057906
929189406
929403413
929407575
929448861
929452221
929554269
929583979
929597807
929670722
929797632
929856881
930022143
930068904
930117076
930194856
930255573
930268758
930413296
930479046
930552770
930557393
930604118
930735732
930982109
931109259
931125906
931142060
931372051
931530264
931573183
931632070
931635503
931699233
931722695
931773690
931811109
931937210
932308242
932503085
932521975
932590860
932620057
932623428
932677455
932692571
932699796
932876842
932937140
933124794
933303330
933352389
933545045
933797059
933798741
933957810
934025547
934114435
934117159
934189044
934195069
934211419
934347441
934437772
934592539
934592651
934710678
935113350
935123319
935152896
935178573
935213061
935278525
935285992
935297928
935324490
935360366
935734898
935816101
936091970
936186427
936264482
936349631
936383182
936387338
936475065
936534150
936643073
936693107
936785229
936818003
936936266
936996851
937005389
937069326
937259172
937293091
937423518
937547750
937555953
937804374
937828650
938005671
938110410
938118513
938561512
938570116
938617850
938693762
938807232
938855337
938928610
939232771
939265734
939293787
939319489
939356203
939484608
939633260
939784491
939951547
939992926
940032305
940293773
940520979
940523254
940527054
940604732
940664141
940675648
940688616
940835524
940887116
940903860
940946112
941114866
941448012
941750485
941931186
941933925
941968095
942079116
942212599
942286867
942408068
942408983
942424076
942477879
942557026
942611293
942642354
942776273
942802138
942885726
942996249
943015232
943165524
943166203
943282207
943368882
943542007
943552516
943709576
943768457
943776433
943781997
943815603
943853646
943928413
943992039
943999045
944082681
944192720
944248077
944499158
944624627
944705272
944746714
944939679
945359991
945394491
945430406
945518186
945551590
945561113
945715948
945725152
946039439
946104182
946451991
946499287
947081403
947096334
947165082
947219278
947252512
947314878
947466822
947750897
947777507
947802121
947902180
947979116
948039352
948040647
948480168
948482952
948633886
948669352
948695647
948902870
949045261
949248273
949352477
949361709
949362999
949392165
949487083
949500316
949605035
949696645
949796243
949832527
949837825
950017391
950254657
950409322
950571046
950583794
950607101
950688226
950762303
950813782
950877710
950939306
950965490
951433271
951434361
951482627
951519099
951614903
951623308
951628985
951703005
952136033
952327548
952473369
952697913
952774688
952782533
953103282
953198932
953438935
953492613
953576830
953841346
954133981
954153435
954268341
954286820
954348422
954352675
954439094
954532885
954579649
954590971
954614773
954885494
955041249
955099105
955198984
955200503
955235886
955328086
955388569
955527326
955531171
955600909
955739422
955833375
956626884
956682083
956841100
956923141
957108241
957203030
957407076
957465435
957495812
957506559
957560025
957669209
957747966
957776786
957882485
957961492
957973657
958124164
958146780
958547154
958566370
958742382
958791689
958889281
958947802
959038400
959119459
959244340
959374801
959386999
959428834
959470508
959821918
959830942
959938789
959957283
959976077
960004131
960155468
960173577
960350839
960590740
960878047
960953742
961047065
961137271
961439737
961444652
961461835
961486120
961518874
961654928
961671088
962118676
962129205
962345073
962346531
962507022
962733258
962805640
962939357
963024301
963078056
963222349
963222770
963301447
963370073
963514907
963768802
963788720
963822843
963925992
964079138
964171136
964262136
964386796
964389185
964947693
965086700
965160471
965323175
965469060
965520415
965587943
965681602
965893043
966027391
966187529
966315519
966342824
966346053
966453362
966718475
966770406
966818704
966841046
967007419
967116030
967266434
967359219
967380744
967438261
967665818
967929568
968003125
968018670
968062829
968070904
968107473
968218186
968246845
968389408
968402338
968464339
968480214
968706459
968969235
969000937
969133384
969143748
969144017
969285791
969322376
969400590
969487984
969570299
969610281
969623889
969685654
969718458
969812105
969813213
969871703
969883401
969964884
970035541
970119174
970255436
970526727
970622098
970625403
970625981
970685445
970931574
970963542
971085028
971109252
971211024
971245290
971412735
971555630
971634804
971699189
971752694
971887763
971895548
971906057
972081341
972098185
972482141
972488054
972655229
972729882
972935249
972955738
972968414
973013706
973212009
973287289
973305042
973413323
973430268
973453501
973494084
973504070
973854951
974021940
974026352
974213215
974394314
974535219
974579940
974929214
974951914
974952012
975234234
975260272
975379971
975574527
975596076
975643705
975841459
975873474
975941979
976142858
976143690
976273813
976363215
976435226
976498605
976638985
976750334
976940984
977104815
977231446
977280859
977335549
977382915
977636604
977643272
977817740
977893907
977953330
978115463
978123405
978312143
978424594
978495435
978536408
978595306
978696069
978814622
978871981
979060208
979165030
979189336
979236000
979360669
979363257
979375549
979417065
979618267
979635305
979761218
979817751
979845095
980222746
980223914
980270713
980283216
980288082
980295889
980309712
980532584
980904326
981065899
981078411
981134705
981167331
981335344
981397301
981437866
981649030
981704453
981708000
981766929
981823824
981988370
982018262
982074954
982089648
982123258
982161985
982282303
982372522
982476732
982697594
982718849
982813334
983444415
983449628
983454683
983557969
983579348
983695472
983781731
984012371
984162905
984168326
984522269
984550959
984694014
984816058
984913149
984967141
985032264
985046306
985120653
985262533
985420969
985600488
985636604
985659362
985722700
985784761
985839726
985964500
986181731
986306695
986338538
986445252
986611984
986668892
986673660
986684242
986867082
987149169
987269556
987337979
987673014
987703533
987717752
987793919
987822574
987907197
987936804
988000580
988187300
988279409
988283507
988313754
988431412
988582231
988882729
989072708
989162769
989184395
989520675
989755222
989818734
989862212
989993821
990059858
990152970
990179872
990187215
990329646
990329648
990455119
990522121
990662146
990781852
990939106
990959651
991040220
991226295
991287270
991350130
991687406
991708293
991903781
991957916
991969290
992121597
992366480
992790850
992791011
992982337
993284907
993430742
993480927
993670667
993702786
993724926
993766972
993786254
993861345
993866017
993868762
993886373
993943335
993990426
994023901
994043147
994157761
994220845
994340868
994388708
994426085
994429459
994511746
994745847
994754782
994867366
994918520
995092197
995133796
995272276
995303348
995380706
995434919
995455898
995508275
995540340
995663621
995680873
995723844
995731006
995906866
995963608
995973369
996137012
996236486
996272626
996423032
996630458
996721336
996826171
997000247
997069590
997144950
997175286
997271476
997280266
997406640
997449981
997458698
997672366
997685429
997839176
997852916
997859458
998185026
998232397
998271435
998501163
998583239
998665933
998686532
998692032
998800477
999036090
999042002
999096795
999126509
999252737
999311696
999584813
999761377
999805260
999815813
999989135
